8205921 0
40739490 1
34934755 2
24420960 3
20362645 4
17142306 5
14797596 6
13072513 7
11974742 8
10678468 9
9808313 10
8862514 11
8414333 12
7739262 13
7358560 14
6580510 15
6253705 16
5625166 17
5484005 18
4943647 19
4923658 20
4470711 21
4462348 22
4038754 23
4002023 24
3589886 25
3512062 26
3107227 27
3062686 28
2730339 29
2699264 30
2445426 31
2436297 32
2212961 33
2222273 34
2046287 35
2077483 36
1926049 37
1952961 38
1818628 39
1837276 40
1728102 41
1762442 42
1641749 43
1664271 44
1578168 45
1600101 46
1497449 47
1531841 48
1413391 49
1445999 50
1335587 51
1360091 52
1246063 53
1254147 54
1169615 55
1171321 56
1083293 57
1089497 58
997180 59
1001391 60
940246 61
945548 62
876225 63
877718 64
816330 65
825619 66
774058 67
778973 68
737714 69
742634 70
694302 71
708814 72
674592 73
678933 74
640250 75
644993 76
613165 77
622067 78
588307 79
601764 80
576227 81
585734 82
553873 83
566762 84
539045 85
546035 86
518413 87
525617 88
498358 89
507779 90
479283 91
492935 92
460385 93
467262 94
449955 95
460355 96
435462 97
448894 98
433228 99
438038 100
415799 101
426577 102
394258 103
408563 104
391172 105
404701 106
380232 107
389564 108
370547 109
376925 110
355271 111
371584 112
352443 113
361621 114
340654 115
349895 116
329209 117
338075 118
321923 119
329770 120
314916 121
322053 122
309693 123
313129 124
298612 125
301430 126
283381 127
299041 128
270809 129
279695 130
262453 131
272989 132
256721 133
261402 134
251199 135
252618 136
230464 137
243312 138
225051 139
238230 140
216318 141
221573 142
211222 143
215814 144
202479 145
205121 146
194907 147
206217 148
193321 149
195611 150
183668 151
191868 152
179460 153
181783 154
170607 155
175505 156
169566 157
172393 158
162394 159
168122 160
156722 161
161681 162
151118 163
156915 164
150481 165
150093 166
143222 167
149970 168
140859 169
149195 170
135774 171
141530 172
132275 173
136820 174
132918 175
136461 176
126912 177
131276 178
124410 179
128641 180
121982 181
127372 182
121971 183
127659 184
119328 185
125320 186
115486 187
121441 188
115819 189
120116 190
114353 191
117576 192
113198 193
115961 194
110474 195
114087 196
106057 197
109899 198
104088 199
105850 200
103003 201
104337 202
100344 203
105117 204
99950 205
103931 206
97584 207
101289 208
95776 209
100242 210
94279 211
97287 212
91583 213
96237 214
92124 215
93304 216
87368 217
91281 218
88314 219
90626 220
84578 221
87130 222
81436 223
86636 224
80486 225
83610 226
77828 227
82411 228
75368 229
80435 230
75312 231
77229 232
73794 233
78079 234
72826 235
75579 236
70479 237
73722 238
68804 239
71448 240
67683 241
69956 242
65208 243
70318 244
64454 245
67856 246
64048 247
68558 248
61318 249
65322 250
60013 251
63586 252
59244 253
64058 254
58819 255
61827 256
56537 257
60831 258
55645 259
59571 260
55171 261
57844 262
54640 263
57812 264
53062 265
56384 266
51810 267
55280 268
52225 269
54784 270
52485 271
54177 272
50807 273
53376 274
50617 275
52008 276
48310 277
51657 278
47582 279
49403 280
46331 281
49017 282
46985 283
48671 284
46539 285
48474 286
46049 287
48371 288
44731 289
45944 290
43360 291
45933 292
42813 293
43369 294
41525 295
43888 296
39984 297
43670 298
41647 299
41144 300
39087 301
42432 302
39328 303
40955 304
39351 305
41273 306
38329 307
38874 308
37745 309
38738 310
38119 311
39911 312
36617 313
37779 314
36845 315
37374 316
36557 317
38111 318
36681 319
36285 320
36365 321
35135 322
35114 323
36152 324
33452 325
34681 326
33689 327
35299 328
34064 329
34778 330
33827 331
34292 332
32512 333
34129 334
32365 335
33987 336
31713 337
32051 338
31493 339
32502 340
32301 341
32297 342
30559 343
32753 344
30639 345
31235 346
29724 347
29246 348
28916 349
30313 350
29844 351
29736 352
28998 353
28956 354
28389 355
29058 356
27587 357
29174 358
29495 359
28711 360
27797 361
28930 362
27450 363
28720 364
28220 365
28614 366
28019 367
29598 368
27839 369
29079 370
27776 371
27961 372
26897 373
27659 374
26958 375
26880 376
25890 377
27323 378
27900 379
28149 380
26007 381
26069 382
25836 383
25896 384
25526 385
26681 386
26230 387
26150 388
25182 389
25548 390
24910 391
25560 392
25117 393
26397 394
24881 395
25207 396
25014 397
25655 398
24820 399
26280 400
24961 401
24927 402
23507 403
24717 404
23278 405
25286 406
24726 407
24131 408
23573 409
25675 410
23324 411
23675 412
22287 413
23076 414
22751 415
22851 416
21018 417
22330 418
21040 419
22546 420
20307 421
21750 422
22229 423
21791 424
21155 425
21471 426
20338 427
20702 428
19582 429
19585 430
19332 431
19674 432
18524 433
19285 434
18629 435
19650 436
18515 437
18237 438
17718 439
18125 440
17526 441
17413 442
17135 443
17605 444
16675 445
16863 446
15571 447
16349 448
15515 449
16130 450
15901 451
16095 452
15797 453
15647 454
14913 455
15242 456
15169 457
15080 458
14624 459
14767 460
13940 461
14745 462
13229 463
14434 464
13110 465
13492 466
13318 467
13710 468
13315 469
13000 470
12485 471
13241 472
12606 473
12735 474
12054 475
12367 476
12322 477
12673 478
11692 479
11389 480
11713 481
11615 482
10316 483
10800 484
11151 485
11555 486
10188 487
11154 488
10836 489
11159 490
10404 491
10495 492
10673 493
10694 494
10486 495
11213 496
10638 497
10099 498
10290 499
10567 500
9554 501
10252 502
10562 503
10398 504
10231 505
9646 506
9155 507
9288 508
9974 509
9059 510
8494 511
9250 512
8977 513
9410 514
8641 515
9692 516
9132 517
8897 518
8795 519
9041 520
9086 521
9758 522
8725 523
8616 524
8175 525
8986 526
8256 527
8215 528
7652 529
8310 530
7443 531
7787 532
7077 533
8035 534
7352 535
7434 536
7246 537
7465 538
7000 539
7368 540
7197 541
7251 542
8144 543
7370 544
6953 545
7519 546
6921 547
6955 548
6717 549
6881 550
6435 551
6664 552
6484 553
6722 554
6531 555
6483 556
6111 557
6307 558
6314 559
6360 560
5965 561
6128 562
6067 563
6349 564
5718 565
6133 566
5690 567
5850 568
5751 569
5974 570
5811 571
5675 572
5773 573
5792 574
5831 575
5792 576
5304 577
5532 578
5454 579
5745 580
5363 581
5600 582
5291 583
5582 584
5360 585
5545 586
5258 587
5288 588
4922 589
5241 590
4971 591
5351 592
5032 593
5317 594
4994 595
4925 596
4805 597
5171 598
4812 599
4839 600
4464 601
4868 602
4546 603
4656 604
4436 605
4686 606
4334 607
4545 608
4317 609
4576 610
4336 611
4444 612
4300 613
4561 614
4246 615
4390 616
4116 617
4408 618
4096 619
4330 620
4008 621
4254 622
4128 623
4297 624
3878 625
4188 626
3903 627
4173 628
3807 629
4021 630
3804 631
4043 632
3615 633
3955 634
3684 635
4033 636
3683 637
3871 638
3525 639
3693 640
3571 641
3738 642
3416 643
3609 644
3493 645
3534 646
3364 647
3504 648
3200 649
3467 650
3221 651
3454 652
3223 653
3377 654
3064 655
3336 656
3111 657
3158 658
2965 659
3179 660
2845 661
3154 662
2901 663
3119 664
2719 665
3057 666
2734 667
2935 668
2724 669
2925 670
2687 671
2835 672
2630 673
2783 674
2589 675
2623 676
2571 677
2574 678
2402 679
2582 680
2523 681
2452 682
2439 683
2465 684
2449 685
2409 686
2437 687
2467 688
2305 689
2319 690
2356 691
2349 692
2193 693
2278 694
2192 695
2252 696
2215 697
2286 698
2193 699
2235 700
2191 701
2214 702
2076 703
2150 704
2138 705
2174 706
2003 707
2031 708
2000 709
2130 710
1959 711
2075 712
1953 713
2067 714
2021 715
1925 716
1963 717
1938 718
1909 719
1886 720
1832 721
1807 722
1738 723
1802 724
1826 725
1882 726
1822 727
1791 728
1820 729
1831 730
1728 731
1761 732
1764 733
1788 734
1722 735
1704 736
1743 737
1685 738
1710 739
1700 740
1681 741
1621 742
1666 743
1697 744
1596 745
1659 746
1602 747
1664 748
1523 749
1596 750
1594 751
1586 752
1510 753
1659 754
1504 755
1535 756
1601 757
1677 758
1548 759
1591 760
1478 761
1554 762
1465 763
1521 764
1509 765
1558 766
1515 767
1527 768
1493 769
1567 770
1455 771
1523 772
1477 773
1515 774
1432 775
1499 776
1394 777
1473 778
1366 779
1509 780
1426 781
1428 782
1387 783
1457 784
1371 785
1386 786
1363 787
1371 788
1355 789
1383 790
1376 791
1436 792
1348 793
1441 794
1310 795
1316 796
1284 797
1307 798
1289 799
1307 800
1314 801
1365 802
1274 803
1299 804
1230 805
1275 806
1243 807
1340 808
1200 809
1162 810
1208 811
1255 812
1247 813
1269 814
1152 815
1233 816
1269 817
1247 818
1183 819
1275 820
1153 821
1184 822
1158 823
1248 824
1188 825
1182 826
1194 827
1266 828
1145 829
1214 830
1182 831
1190 832
1172 833
1226 834
1099 835
1163 836
1120 837
1170 838
1146 839
1103 840
1091 841
1134 842
1061 843
1137 844
1112 845
1132 846
1152 847
1116 848
1069 849
1140 850
1098 851
1089 852
1113 853
1155 854
1109 855
1068 856
1073 857
1140 858
1045 859
1118 860
1099 861
1090 862
1129 863
1160 864
1123 865
1062 866
1132 867
1044 868
1088 869
1066 870
1078 871
1088 872
988 873
1185 874
1015 875
1093 876
1017 877
1124 878
1088 879
1107 880
1053 881
1095 882
1087 883
1088 884
1083 885
1044 886
1040 887
1075 888
1013 889
1091 890
1040 891
1107 892
1052 893
1005 894
1050 895
996 896
1024 897
1062 898
1010 899
1052 900
979 901
1054 902
998 903
974 904
1005 905
1024 906
1026 907
995 908
1017 909
1055 910
1014 911
980 912
956 913
1046 914
986 915
1050 916
1071 917
1015 918
1034 919
1040 920
1048 921
1025 922
991 923
1056 924
1049 925
1096 926
1031 927
1016 928
1040 929
1023 930
1119 931
1115 932
1120 933
1052 934
1098 935
1072 936
1019 937
1097 938
1019 939
1107 940
1060 941
1081 942
1109 943
1102 944
1087 945
1115 946
1117 947
1081 948
1038 949
1049 950
1068 951
1079 952
980 953
1097 954
1072 955
1128 956
1032 957
1070 958
1142 959
1050 960
1015 961
1050 962
1064 963
1006 964
1023 965
1065 966
1009 967
1011 968
973 969
980 970
986 971
1013 972
991 973
917 974
945 975
961 976
964 977
922 978
921 979
923 980
916 981
932 982
905 983
870 984
862 985
944 986
875 987
880 988
810 989
803 990
812 991
824 992
727 993
809 994
767 995
811 996
771 997
768 998
745 999
780 1000
755 1001
767 1002
689 1003
798 1004
638 1005
743 1006
692 1007
750 1008
677 1009
716 1010
717 1011
698 1012
712 1013
745 1014
723 1015
764 1016
648 1017
719 1018
666 1019
671 1020
698 1021
697 1022
673 1023
729 1024
681 1025
726 1026
622 1027
737 1028
677 1029
685 1030
689 1031
693 1032
639 1033
685 1034
676 1035
676 1036
665 1037
654 1038
694 1039
743 1040
663 1041
759 1042
712 1043
683 1044
673 1045
712 1046
672 1047
746 1048
699 1049
689 1050
620 1051
758 1052
665 1053
694 1054
708 1055
732 1056
643 1057
696 1058
707 1059
758 1060
652 1061
764 1062
660 1063
699 1064
676 1065
744 1066
677 1067
717 1068
696 1069
742 1070
723 1071
755 1072
665 1073
721 1074
722 1075
737 1076
677 1077
727 1078
710 1079
771 1080
685 1081
732 1082
686 1083
771 1084
718 1085
735 1086
692 1087
753 1088
702 1089
737 1090
653 1091
702 1092
731 1093
748 1094
687 1095
752 1096
673 1097
769 1098
698 1099
741 1100
692 1101
730 1102
748 1103
794 1104
740 1105
754 1106
757 1107
761 1108
702 1109
775 1110
792 1111
797 1112
735 1113
715 1114
725 1115
793 1116
758 1117
803 1118
678 1119
803 1120
697 1121
811 1122
713 1123
803 1124
748 1125
842 1126
780 1127
837 1128
724 1129
809 1130
728 1131
900 1132
765 1133
838 1134
744 1135
869 1136
791 1137
846 1138
752 1139
841 1140
769 1141
838 1142
753 1143
802 1144
741 1145
839 1146
779 1147
850 1148
735 1149
831 1150
772 1151
831 1152
737 1153
819 1154
741 1155
810 1156
743 1157
813 1158
719 1159
820 1160
705 1161
777 1162
696 1163
752 1164
706 1165
768 1166
740 1167
758 1168
720 1169
758 1170
779 1171
764 1172
706 1173
736 1174
741 1175
752 1176
687 1177
766 1178
728 1179
741 1180
699 1181
778 1182
744 1183
745 1184
698 1185
743 1186
715 1187
696 1188
656 1189
753 1190
689 1191
744 1192
684 1193
683 1194
699 1195
718 1196
701 1197
721 1198
678 1199
730 1200
680 1201
698 1202
674 1203
652 1204
695 1205
706 1206
703 1207
663 1208
663 1209
698 1210
709 1211
707 1212
670 1213
674 1214
617 1215
689 1216
653 1217
676 1218
640 1219
652 1220
673 1221
690 1222
677 1223
680 1224
718 1225
630 1226
608 1227
643 1228
681 1229
621 1230
627 1231
659 1232
596 1233
618 1234
631 1235
655 1236
663 1237
682 1238
625 1239
700 1240
610 1241
638 1242
599 1243
651 1244
631 1245
611 1246
628 1247
634 1248
642 1249
627 1250
609 1251
652 1252
596 1253
598 1254
619 1255
625 1256
598 1257
658 1258
668 1259
602 1260
561 1261
616 1262
606 1263
616 1264
645 1265
598 1266
597 1267
606 1268
638 1269
573 1270
586 1271
583 1272
599 1273
600 1274
581 1275
551 1276
568 1277
576 1278
605 1279
500 1280
567 1281
555 1282
566 1283
514 1284
541 1285
511 1286
544 1287
568 1288
507 1289
538 1290
506 1291
535 1292
488 1293
521 1294
489 1295
497 1296
519 1297
506 1298
454 1299
487 1300
488 1301
472 1302
459 1303
473 1304
430 1305
468 1306
456 1307
485 1308
459 1309
446 1310
390 1311
460 1312
425 1313
467 1314
430 1315
418 1316
409 1317
401 1318
372 1319
432 1320
388 1321
377 1322
387 1323
377 1324
336 1325
362 1326
380 1327
410 1328
376 1329
360 1330
355 1331
371 1332
355 1333
388 1334
339 1335
355 1336
315 1337
392 1338
329 1339
307 1340
322 1341
282 1342
320 1343
289 1344
305 1345
323 1346
287 1347
381 1348
294 1349
297 1350
306 1351
291 1352
295 1353
323 1354
264 1355
273 1356
283 1357
276 1358
238 1359
273 1360
304 1361
284 1362
285 1363
269 1364
258 1365
252 1366
248 1367
269 1368
236 1369
217 1370
238 1371
239 1372
271 1373
234 1374
279 1375
236 1376
240 1377
260 1378
248 1379
235 1380
223 1381
258 1382
214 1383
237 1384
261 1385
228 1386
220 1387
249 1388
195 1389
248 1390
215 1391
232 1392
216 1393
238 1394
229 1395
234 1396
241 1397
216 1398
216 1399
224 1400
227 1401
220 1402
197 1403
261 1404
214 1405
218 1406
247 1407
218 1408
198 1409
233 1410
212 1411
243 1412
210 1413
224 1414
233 1415
236 1416
226 1417
223 1418
243 1419
248 1420
210 1421
247 1422
241 1423
253 1424
252 1425
236 1426
264 1427
249 1428
239 1429
254 1430
220 1431
250 1432
233 1433
254 1434
250 1435
230 1436
201 1437
270 1438
216 1439
217 1440
225 1441
231 1442
244 1443
242 1444
248 1445
235 1446
216 1447
237 1448
230 1449
222 1450
237 1451
257 1452
204 1453
241 1454
200 1455
260 1456
235 1457
217 1458
233 1459
229 1460
208 1461
216 1462
212 1463
259 1464
253 1465
215 1466
204 1467
216 1468
235 1469
209 1470
206 1471
234 1472
201 1473
245 1474
204 1475
220 1476
209 1477
245 1478
196 1479
229 1480
198 1481
233 1482
233 1483
253 1484
212 1485
244 1486
208 1487
247 1488
213 1489
217 1490
223 1491
224 1492
260 1493
249 1494
216 1495
259 1496
248 1497
229 1498
266 1499
250 1500
247 1501
229 1502
240 1503
243 1504
253 1505
265 1506
238 1507
241 1508
249 1509
250 1510
252 1511
244 1512
245 1513
248 1514
233 1515
252 1516
237 1517
235 1518
228 1519
250 1520
221 1521
226 1522
215 1523
254 1524
256 1525
230 1526
223 1527
239 1528
222 1529
209 1530
201 1531
224 1532
205 1533
222 1534
193 1535
209 1536
213 1537
236 1538
179 1539
189 1540
185 1541
191 1542
194 1543
187 1544
184 1545
158 1546
186 1547
180 1548
177 1549
163 1550
170 1551
168 1552
178 1553
174 1554
150 1555
157 1556
168 1557
174 1558
140 1559
161 1560
142 1561
134 1562
157 1563
140 1564
144 1565
137 1566
119 1567
108 1568
117 1569
134 1570
107 1571
120 1572
110 1573
128 1574
109 1575
135 1576
137 1577
116 1578
96 1579
109 1580
103 1581
116 1582
97 1583
111 1584
115 1585
107 1586
97 1587
92 1588
108 1589
123 1590
99 1591
98 1592
91 1593
86 1594
94 1595
88 1596
77 1597
97 1598
81 1599
88 1600
88 1601
84 1602
81 1603
79 1604
86 1605
86 1606
73 1607
80 1608
89 1609
88 1610
74 1611
78 1612
67 1613
72 1614
67 1615
84 1616
69 1617
70 1618
75 1619
60 1620
68 1621
64 1622
55 1623
54 1624
58 1625
80 1626
76 1627
60 1628
68 1629
84 1630
53 1631
73 1632
59 1633
60 1634
56 1635
60 1636
51 1637
70 1638
52 1639
62 1640
47 1641
57 1642
56 1643
61 1644
48 1645
57 1646
52 1647
46 1648
67 1649
63 1650
49 1651
57 1652
37 1653
57 1654
58 1655
56 1656
41 1657
53 1658
57 1659
70 1660
53 1661
64 1662
52 1663
43 1664
39 1665
55 1666
45 1667
65 1668
37 1669
61 1670
49 1671
63 1672
45 1673
39 1674
58 1675
56 1676
53 1677
39 1678
52 1679
74 1680
34 1681
47 1682
52 1683
58 1684
57 1685
41 1686
42 1687
48 1688
47 1689
42 1690
50 1691
44 1692
36 1693
56 1694
41 1695
41 1696
44 1697
60 1698
41 1699
45 1700
42 1701
40 1702
45 1703
51 1704
52 1705
53 1706
42 1707
48 1708
38 1709
57 1710
42 1711
55 1712
44 1713
50 1714
27 1715
49 1716
45 1717
46 1718
44 1719
50 1720
43 1721
46 1722
47 1723
42 1724
39 1725
60 1726
33 1727
56 1728
41 1729
42 1730
43 1731
52 1732
51 1733
60 1734
50 1735
46 1736
45 1737
44 1738
33 1739
59 1740
39 1741
56 1742
41 1743
63 1744
49 1745
32 1746
45 1747
66 1748
48 1749
52 1750
62 1751
55 1752
57 1753
53 1754
47 1755
70 1756
51 1757
68 1758
57 1759
60 1760
46 1761
56 1762
46 1763
57 1764
42 1765
48 1766
65 1767
61 1768
50 1769
65 1770
55 1771
64 1772
47 1773
64 1774
41 1775
55 1776
52 1777
62 1778
41 1779
66 1780
46 1781
53 1782
57 1783
65 1784
60 1785
63 1786
46 1787
60 1788
55 1789
61 1790
58 1791
47 1792
44 1793
55 1794
56 1795
66 1796
42 1797
74 1798
58 1799
46 1800
44 1801
78 1802
45 1803
57 1804
52 1805
72 1806
47 1807
70 1808
55 1809
50 1810
47 1811
73 1812
50 1813
67 1814
56 1815
74 1816
37 1817
64 1818
44 1819
74 1820
36 1821
55 1822
70 1823
75 1824
47 1825
66 1826
43 1827
59 1828
45 1829
58 1830
40 1831
50 1832
48 1833
78 1834
42 1835
58 1836
40 1837
78 1838
48 1839
59 1840
43 1841
66 1842
45 1843
64 1844
40 1845
75 1846
55 1847
63 1848
44 1849
76 1850
44 1851
74 1852
52 1853
71 1854
44 1855
68 1856
43 1857
66 1858
45 1859
58 1860
55 1861
74 1862
46 1863
77 1864
41 1865
82 1866
41 1867
54 1868
34 1869
84 1870
58 1871
80 1872
48 1873
88 1874
48 1875
75 1876
57 1877
70 1878
39 1879
78 1880
50 1881
72 1882
54 1883
82 1884
48 1885
77 1886
43 1887
80 1888
48 1889
67 1890
52 1891
82 1892
58 1893
66 1894
62 1895
56 1896
43 1897
60 1898
53 1899
63 1900
48 1901
73 1902
55 1903
84 1904
60 1905
77 1906
47 1907
60 1908
50 1909
67 1910
40 1911
69 1912
46 1913
69 1914
65 1915
72 1916
59 1917
76 1918
73 1919
66 1920
59 1921
68 1922
54 1923
56 1924
57 1925
83 1926
55 1927
63 1928
55 1929
64 1930
54 1931
67 1932
60 1933
59 1934
53 1935
60 1936
53 1937
74 1938
53 1939
72 1940
51 1941
62 1942
53 1943
63 1944
49 1945
77 1946
46 1947
66 1948
44 1949
56 1950
50 1951
69 1952
58 1953
63 1954
61 1955
67 1956
65 1957
48 1958
76 1959
53 1960
49 1961
84 1962
49 1963
61 1964
55 1965
66 1966
46 1967
60 1968
59 1969
61 1970
51 1971
52 1972
63 1973
60 1974
48 1975
54 1976
41 1977
60 1978
50 1979
48 1980
48 1981
40 1982
64 1983
55 1984
65 1985
83 1986
54 1987
44 1988
44 1989
60 1990
29 1991
65 1992
49 1993
56 1994
61 1995
48 1996
52 1997
65 1998
64 1999
54 2000
58 2001
59 2002
39 2003
63 2004
62 2005
63 2006
44 2007
53 2008
52 2009
44 2010
39 2011
50 2012
52 2013
60 2014
58 2015
76 2016
58 2017
61 2018
48 2019
63 2020
50 2021
55 2022
65 2023
52 2024
46 2025
49 2026
50 2027
51 2028
61 2029
42 2030
49 2031
64 2032
65 2033
68 2034
71 2035
64 2036
66 2037
58 2038
49 2039
62 2040
55 2041
76 2042
64 2043
73 2044
78 2045
59 2046
51 2047
62 2048
58 2049
56 2050
71 2051
60 2052
63 2053
48 2054
62 2055
81 2056
55 2057
51 2058
54 2059
51 2060
73 2061
68 2062
82 2063
57 2064
67 2065
54 2066
65 2067
61 2068
44 2069
74 2070
46 2071
61 2072
74 2073
60 2074
67 2075
64 2076
59 2077
60 2078
59 2079
70 2080
60 2081
84 2082
61 2083
53 2084
61 2085
66 2086
52 2087
56 2088
46 2089
55 2090
60 2091
58 2092
58 2093
45 2094
63 2095
52 2096
57 2097
59 2098
54 2099
60 2100
61 2101
53 2102
54 2103
57 2104
50 2105
64 2106
53 2107
65 2108
52 2109
51 2110
49 2111
48 2112
44 2113
46 2114
43 2115
53 2116
53 2117
53 2118
59 2119
55 2120
54 2121
43 2122
34 2123
44 2124
35 2125
44 2126
43 2127
46 2128
46 2129
45 2130
44 2131
40 2132
33 2133
47 2134
42 2135
28 2136
39 2137
42 2138
37 2139
41 2140
35 2141
40 2142
50 2143
36 2144
39 2145
35 2146
32 2147
39 2148
32 2149
35 2150
26 2151
34 2152
42 2153
41 2154
34 2155
36 2156
39 2157
41 2158
35 2159
34 2160
26 2161
40 2162
30 2163
29 2164
28 2165
28 2166
30 2167
28 2168
32 2169
50 2170
29 2171
36 2172
22 2173
39 2174
31 2175
33 2176
28 2177
38 2178
45 2179
45 2180
32 2181
44 2182
35 2183
38 2184
26 2185
25 2186
32 2187
29 2188
26 2189
30 2190
26 2191
35 2192
24 2193
24 2194
31 2195
29 2196
32 2197
36 2198
29 2199
31 2200
33 2201
23 2202
34 2203
38 2204
20 2205
33 2206
26 2207
29 2208
30 2209
24 2210
24 2211
34 2212
28 2213
34 2214
24 2215
33 2216
33 2217
37 2218
30 2219
35 2220
24 2221
37 2222
26 2223
30 2224
38 2225
23 2226
28 2227
29 2228
29 2229
40 2230
33 2231
28 2232
30 2233
27 2234
30 2235
44 2236
29 2237
23 2238
21 2239
26 2240
32 2241
24 2242
17 2243
25 2244
23 2245
23 2246
23 2247
33 2248
22 2249
31 2250
25 2251
26 2252
20 2253
32 2254
19 2255
24 2256
21 2257
32 2258
18 2259
30 2260
26 2261
30 2262
33 2263
36 2264
30 2265
26 2266
26 2267
30 2268
36 2269
41 2270
19 2271
27 2272
22 2273
35 2274
15 2275
27 2276
31 2277
22 2278
24 2279
37 2280
23 2281
22 2282
27 2283
21 2284
22 2285
28 2286
25 2287
23 2288
26 2289
29 2290
26 2291
23 2292
30 2293
26 2294
21 2295
30 2296
26 2297
21 2298
20 2299
29 2300
30 2301
23 2302
14 2303
31 2304
22 2305
22 2306
13 2307
28 2308
26 2309
22 2310
30 2311
27 2312
32 2313
21 2314
28 2315
22 2316
28 2317
19 2318
21 2319
22 2320
30 2321
20 2322
25 2323
25 2324
25 2325
21 2326
24 2327
24 2328
25 2329
22 2330
27 2331
25 2332
34 2333
23 2334
21 2335
26 2336
17 2337
19 2338
17 2339
30 2340
21 2341
28 2342
24 2343
17 2344
26 2345
28 2346
30 2347
26 2348
25 2349
22 2350
22 2351
19 2352
20 2353
20 2354
26 2355
33 2356
31 2357
26 2358
30 2359
28 2360
20 2361
25 2362
34 2363
20 2364
23 2365
22 2366
35 2367
31 2368
31 2369
43 2370
29 2371
32 2372
26 2373
25 2374
24 2375
38 2376
22 2377
30 2378
29 2379
28 2380
36 2381
33 2382
40 2383
50 2384
41 2385
30 2386
47 2387
49 2388
41 2389
42 2390
53 2391
39 2392
47 2393
32 2394
40 2395
41 2396
39 2397
35 2398
36 2399
39 2400
40 2401
43 2402
54 2403
36 2404
35 2405
43 2406
57 2407
42 2408
42 2409
41 2410
41 2411
40 2412
47 2413
51 2414
50 2415
45 2416
47 2417
55 2418
46 2419
51 2420
62 2421
55 2422
40 2423
51 2424
55 2425
52 2426
62 2427
55 2428
50 2429
61 2430
45 2431
54 2432
51 2433
57 2434
43 2435
41 2436
50 2437
50 2438
60 2439
50 2440
55 2441
52 2442
57 2443
49 2444
54 2445
53 2446
50 2447
50 2448
60 2449
42 2450
61 2451
58 2452
46 2453
56 2454
45 2455
41 2456
47 2457
44 2458
38 2459
39 2460
34 2461
38 2462
42 2463
37 2464
41 2465
38 2466
39 2467
37 2468
32 2469
38 2470
31 2471
33 2472
36 2473
38 2474
39 2475
27 2476
39 2477
29 2478
32 2479
29 2480
25 2481
37 2482
26 2483
33 2484
38 2485
26 2486
33 2487
24 2488
32 2489
26 2490
21 2491
26 2492
20 2493
25 2494
30 2495
24 2496
25 2497
27 2498
33 2499
27 2500
21 2501
33 2502
39 2503
27 2504
40 2505
29 2506
33 2507
32 2508
34 2509
31 2510
26 2511
19 2512
41 2513
28 2514
31 2515
35 2516
29 2517
34 2518
36 2519
25 2520
32 2521
34 2522
30 2523
34 2524
34 2525
32 2526
33 2527
22 2528
35 2529
34 2530
34 2531
42 2532
29 2533
43 2534
34 2535
41 2536
35 2537
35 2538
33 2539
32 2540
34 2541
25 2542
35 2543
27 2544
40 2545
23 2546
42 2547
42 2548
37 2549
50 2550
38 2551
44 2552
33 2553
37 2554
29 2555
35 2556
52 2557
35 2558
41 2559
40 2560
40 2561
42 2562
48 2563
42 2564
42 2565
60 2566
44 2567
41 2568
46 2569
35 2570
49 2571
42 2572
37 2573
45 2574
42 2575
53 2576
42 2577
35 2578
40 2579
46 2580
35 2581
31 2582
39 2583
43 2584
39 2585
45 2586
39 2587
36 2588
42 2589
43 2590
35 2591
27 2592
46 2593
33 2594
51 2595
49 2596
45 2597
39 2598
47 2599
52 2600
40 2601
45 2602
37 2603
37 2604
49 2605
46 2606
44 2607
42 2608
54 2609
45 2610
43 2611
41 2612
52 2613
39 2614
36 2615
45 2616
50 2617
39 2618
40 2619
62 2620
44 2621
34 2622
56 2623
37 2624
46 2625
47 2626
30 2627
59 2628
39 2629
44 2630
45 2631
41 2632
51 2633
57 2634
35 2635
44 2636
42 2637
46 2638
53 2639
46 2640
53 2641
45 2642
55 2643
47 2644
44 2645
58 2646
47 2647
51 2648
40 2649
55 2650
37 2651
45 2652
45 2653
52 2654
51 2655
47 2656
53 2657
55 2658
50 2659
47 2660
49 2661
46 2662
55 2663
41 2664
55 2665
36 2666
48 2667
38 2668
56 2669
45 2670
48 2671
49 2672
56 2673
52 2674
54 2675
38 2676
42 2677
54 2678
53 2679
52 2680
30 2681
52 2682
48 2683
31 2684
48 2685
58 2686
43 2687
60 2688
51 2689
52 2690
69 2691
54 2692
78 2693
64 2694
58 2695
64 2696
55 2697
51 2698
54 2699
59 2700
49 2701
52 2702
75 2703
60 2704
53 2705
70 2706
68 2707
48 2708
65 2709
60 2710
73 2711
48 2712
57 2713
60 2714
82 2715
76 2716
59 2717
73 2718
80 2719
72 2720
51 2721
75 2722
70 2723
64 2724
84 2725
85 2726
56 2727
59 2728
66 2729
52 2730
77 2731
74 2732
79 2733
72 2734
68 2735
63 2736
65 2737
57 2738
57 2739
58 2740
59 2741
70 2742
62 2743
67 2744
60 2745
68 2746
66 2747
53 2748
59 2749
46 2750
63 2751
48 2752
65 2753
61 2754
49 2755
69 2756
59 2757
82 2758
50 2759
58 2760
56 2761
56 2762
54 2763
58 2764
52 2765
55 2766
52 2767
53 2768
42 2769
47 2770
49 2771
58 2772
48 2773
60 2774
49 2775
46 2776
49 2777
55 2778
49 2779
54 2780
54 2781
51 2782
53 2783
44 2784
53 2785
64 2786
47 2787
50 2788
45 2789
41 2790
40 2791
45 2792
47 2793
43 2794
47 2795
42 2796
45 2797
44 2798
42 2799
45 2800
54 2801
44 2802
54 2803
57 2804
54 2805
51 2806
47 2807
46 2808
49 2809
67 2810
52 2811
47 2812
51 2813
54 2814
49 2815
58 2816
50 2817
52 2818
42 2819
60 2820
50 2821
64 2822
44 2823
54 2824
45 2825
63 2826
41 2827
53 2828
60 2829
45 2830
40 2831
58 2832
59 2833
62 2834
45 2835
42 2836
42 2837
56 2838
48 2839
47 2840
41 2841
52 2842
45 2843
38 2844
53 2845
43 2846
46 2847
32 2848
42 2849
52 2850
25 2851
38 2852
35 2853
49 2854
50 2855
42 2856
50 2857
49 2858
53 2859
49 2860
41 2861
39 2862
53 2863
41 2864
31 2865
41 2866
36 2867
42 2868
25 2869
42 2870
49 2871
42 2872
33 2873
47 2874
42 2875
43 2876
55 2877
34 2878
49 2879
36 2880
31 2881
48 2882
47 2883
42 2884
50 2885
44 2886
29 2887
37 2888
46 2889
42 2890
41 2891
35 2892
42 2893
42 2894
38 2895
52 2896
46 2897
51 2898
44 2899
53 2900
56 2901
58 2902
55 2903
46 2904
45 2905
36 2906
53 2907
56 2908
52 2909
69 2910
56 2911
55 2912
65 2913
55 2914
52 2915
49 2916
37 2917
58 2918
42 2919
43 2920
48 2921
42 2922
51 2923
50 2924
32 2925
31 2926
25 2927
49 2928
38 2929
29 2930
32 2931
33 2932
21 2933
27 2934
35 2935
28 2936
37 2937
37 2938
30 2939
24 2940
33 2941
24 2942
27 2943
13 2944
16 2945
13 2946
24 2947
33 2948
29 2949
18 2950
15 2951
13 2952
22 2953
17 2954
14 2955
13 2956
17 2957
10 2958
18 2959
21 2960
19 2961
19 2962
19 2963
12 2964
14 2965
19 2966
13 2967
19 2968
23 2969
13 2970
16 2971
7 2972
13 2973
23 2974
14 2975
13 2976
17 2977
9 2978
18 2979
17 2980
22 2981
17 2982
14 2983
19 2984
11 2985
17 2986
16 2987
14 2988
16 2989
18 2990
13 2991
17 2992
15 2993
14 2994
12 2995
24 2996
15 2997
10 2998
15 2999
19 3000
14 3001
17 3002
14 3003
11 3004
12 3005
17 3006
13 3007
21 3008
16 3009
19 3010
19 3011
16 3012
13 3013
15 3014
16 3015
14 3016
16 3017
12 3018
9 3019
13 3020
21 3021
15 3022
21 3023
14 3024
18 3025
17 3026
13 3027
20 3028
13 3029
13 3030
11 3031
13 3032
11 3033
12 3034
13 3035
13 3036
18 3037
15 3038
9 3039
14 3040
12 3041
16 3042
16 3043
17 3044
6 3045
17 3046
18 3047
20 3048
14 3049
15 3050
12 3051
11 3052
12 3053
13 3054
10 3055
12 3056
16 3057
15 3058
6 3059
13 3060
10 3061
22 3062
7 3063
16 3064
12 3065
12 3066
8 3067
6 3068
17 3069
16 3070
11 3071
12 3072
15 3073
11 3074
12 3075
16 3076
15 3077
8 3078
9 3079
11 3080
16 3081
11 3082
13 3083
9 3084
14 3085
11 3086
13 3087
15 3088
14 3089
14 3090
7 3091
9 3092
7 3093
6 3094
8 3095
12 3096
14 3097
8 3098
19 3099
12 3100
6 3101
16 3102
12 3103
17 3104
14 3105
18 3106
12 3107
20 3108
5 3109
9 3110
8 3111
11 3112
11 3113
12 3114
14 3115
8 3116
17 3117
10 3118
8 3119
10 3120
8 3121
11 3122
8 3123
8 3124
8 3125
10 3126
6 3127
17 3128
14 3129
12 3130
5 3131
11 3132
9 3133
5 3134
10 3135
16 3136
9 3137
12 3138
11 3139
7 3140
17 3141
7 3142
14 3143
7 3144
7 3145
16 3146
13 3147
7 3148
9 3149
19 3150
14 3151
13 3152
20 3153
17 3154
10 3155
11 3156
10 3157
6 3158
9 3159
8 3160
11 3161
13 3162
7 3163
8 3164
14 3165
8 3166
10 3167
7 3168
8 3169
15 3170
5 3171
9 3172
8 3173
14 3174
8 3175
13 3176
5 3177
9 3178
12 3179
7 3180
8 3181
10 3182
9 3183
7 3184
8 3185
13 3186
6 3187
7 3188
9 3189
8 3190
11 3191
7 3192
7 3193
9 3194
13 3195
13 3196
14 3197
7 3198
10 3199
9 3200
12 3201
6 3202
13 3203
12 3204
13 3205
7 3206
13 3207
9 3208
14 3209
9 3210
12 3211
10 3212
8 3213
8 3214
21 3215
13 3216
6 3217
17 3218
9 3219
9 3220
13 3221
8 3222
14 3223
9 3224
11 3225
12 3226
12 3227
9 3228
12 3229
4 3230
19 3231
9 3232
11 3233
11 3234
7 3235
7 3236
12 3237
8 3238
13 3239
8 3240
6 3241
14 3242
12 3243
9 3244
12 3245
7 3246
9 3247
9 3248
11 3249
15 3250
12 3251
8 3252
12 3253
15 3254
11 3255
6 3256
16 3257
12 3258
12 3259
3 3260
13 3261
6 3262
13 3263
13 3264
21 3265
11 3266
11 3267
7 3268
13 3269
20 3270
10 3271
9 3272
16 3273
8 3274
11 3275
7 3276
13 3277
4 3278
11 3279
10 3280
8 3281
9 3282
18 3283
15 3284
15 3285
14 3286
12 3287
15 3288
10 3289
17 3290
20 3291
15 3292
31 3293
12 3294
14 3295
17 3296
18 3297
19 3298
17 3299
19 3300
9 3301
14 3302
20 3303
16 3304
27 3305
29 3306
21 3307
19 3308
14 3309
23 3310
18 3311
12 3312
15 3313
21 3314
27 3315
23 3316
16 3317
13 3318
12 3319
18 3320
17 3321
14 3322
23 3323
21 3324
17 3325
20 3326
29 3327
17 3328
24 3329
17 3330
25 3331
19 3332
21 3333
23 3334
19 3335
12 3336
18 3337
16 3338
19 3339
20 3340
24 3341
22 3342
20 3343
22 3344
13 3345
20 3346
23 3347
26 3348
22 3349
30 3350
22 3351
18 3352
21 3353
15 3354
23 3355
18 3356
13 3357
18 3358
28 3359
26 3360
28 3361
25 3362
21 3363
18 3364
22 3365
16 3366
23 3367
19 3368
14 3369
25 3370
15 3371
31 3372
23 3373
17 3374
25 3375
17 3376
17 3377
23 3378
21 3379
17 3380
27 3381
20 3382
25 3383
33 3384
27 3385
25 3386
21 3387
31 3388
16 3389
23 3390
27 3391
36 3392
31 3393
33 3394
25 3395
23 3396
22 3397
38 3398
24 3399
30 3400
24 3401
29 3402
27 3403
32 3404
41 3405
20 3406
25 3407
25 3408
30 3409
20 3410
22 3411
33 3412
23 3413
28 3414
30 3415
27 3416
28 3417
25 3418
23 3419
21 3420
43 3421
26 3422
36 3423
13 3424
29 3425
19 3426
28 3427
22 3428
30 3429
19 3430
26 3431
23 3432
32 3433
22 3434
23 3435
20 3436
29 3437
18 3438
29 3439
19 3440
22 3441
26 3442
25 3443
32 3444
30 3445
29 3446
16 3447
25 3448
28 3449
27 3450
25 3451
20 3452
23 3453
24 3454
26 3455
27 3456
18 3457
29 3458
17 3459
19 3460
16 3461
22 3462
17 3463
20 3464
17 3465
22 3466
23 3467
17 3468
21 3469
25 3470
20 3471
19 3472
23 3473
15 3474
16 3475
24 3476
21 3477
14 3478
21 3479
25 3480
24 3481
22 3482
21 3483
13 3484
29 3485
17 3486
17 3487
22 3488
24 3489
9 3490
14 3491
10 3492
15 3493
14 3494
19 3495
11 3496
18 3497
13 3498
14 3499
11 3500
6 3501
11 3502
14 3503
11 3504
11 3505
8 3506
15 3507
11 3508
14 3509
10 3510
14 3511
11 3512
14 3513
5 3514
9 3515
20 3516
17 3517
19 3518
15 3519
10 3520
9 3521
12 3522
8 3523
8 3524
15 3525
14 3526
9 3527
10 3528
10 3529
9 3530
7 3531
14 3532
10 3533
7 3534
11 3535
11 3536
9 3537
7 3538
8 3539
6 3540
6 3541
6 3542
3 3543
6 3544
13 3545
10 3546
8 3547
6 3548
7 3549
8 3550
6 3551
4 3552
8 3553
13 3554
8 3555
11 3556
7 3557
4 3558
8 3559
4 3560
11 3561
6 3562
8 3563
5 3564
5 3565
7 3566
6 3567
2 3568
7 3569
8 3570
11 3571
8 3572
6 3573
5 3574
8 3575
4 3576
3 3577
10 3578
11 3579
7 3580
6 3581
8 3582
8 3583
4 3584
12 3585
4 3586
4 3587
5 3588
9 3589
15 3590
5 3591
8 3592
4 3593
4 3594
7 3595
9 3596
6 3597
8 3598
3 3599
12 3600
3 3601
7 3602
6 3603
4 3604
10 3605
8 3606
9 3607
5 3608
2 3609
4 3610
5 3611
6 3612
7 3613
6 3614
4 3615
5 3616
10 3617
9 3618
9 3619
15 3620
6 3621
4 3622
13 3623
3 3624
6 3625
11 3626
7 3627
5 3628
7 3629
6 3630
8 3631
7 3632
6 3633
6 3634
6 3635
10 3636
11 3637
11 3638
15 3639
9 3640
3 3641
12 3642
11 3643
12 3644
11 3645
9 3646
12 3647
13 3648
15 3649
8 3650
20 3651
11 3652
16 3653
7 3654
10 3655
12 3656
18 3657
13 3658
18 3659
18 3660
21 3661
11 3662
18 3663
21 3664
11 3665
12 3666
19 3667
24 3668
15 3669
12 3670
20 3671
23 3672
25 3673
22 3674
27 3675
20 3676
26 3677
26 3678
24 3679
18 3680
18 3681
32 3682
26 3683
24 3684
26 3685
29 3686
23 3687
27 3688
46 3689
29 3690
33 3691
27 3692
37 3693
34 3694
42 3695
28 3696
38 3697
32 3698
46 3699
47 3700
42 3701
43 3702
24 3703
39 3704
51 3705
41 3706
41 3707
47 3708
51 3709
50 3710
45 3711
44 3712
42 3713
47 3714
45 3715
50 3716
58 3717
46 3718
50 3719
47 3720
53 3721
57 3722
57 3723
57 3724
72 3725
56 3726
67 3727
76 3728
66 3729
61 3730
65 3731
82 3732
72 3733
72 3734
50 3735
81 3736
70 3737
72 3738
81 3739
67 3740
75 3741
72 3742
64 3743
89 3744
71 3745
85 3746
80 3747
78 3748
73 3749
85 3750
85 3751
81 3752
81 3753
87 3754
81 3755
79 3756
79 3757
87 3758
84 3759
91 3760
84 3761
91 3762
85 3763
76 3764
85 3765
86 3766
79 3767
75 3768
88 3769
104 3770
84 3771
110 3772
87 3773
85 3774
76 3775
63 3776
77 3777
68 3778
66 3779
71 3780
70 3781
62 3782
85 3783
59 3784
65 3785
60 3786
68 3787
71 3788
73 3789
56 3790
63 3791
49 3792
63 3793
56 3794
61 3795
56 3796
51 3797
59 3798
48 3799
52 3800
60 3801
59 3802
50 3803
44 3804
55 3805
49 3806
61 3807
63 3808
47 3809
57 3810
61 3811
63 3812
51 3813
51 3814
61 3815
60 3816
68 3817
58 3818
46 3819
60 3820
48 3821
70 3822
74 3823
65 3824
44 3825
62 3826
40 3827
43 3828
54 3829
53 3830
42 3831
47 3832
41 3833
37 3834
38 3835
51 3836
42 3837
33 3838
40 3839
29 3840
42 3841
31 3842
42 3843
39 3844
32 3845
25 3846
23 3847
21 3848
26 3849
17 3850
18 3851
18 3852
15 3853
18 3854
18 3855
9 3856
14 3857
6 3858
8 3859
10 3860
7 3861
6 3862
8 3863
6 3864
12 3865
7 3866
12 3867
3 3868
4 3869
6 3870
7 3871
3 3872
7 3873
7 3874
5 3875
4 3876
8 3877
1 3878
6 3879
6 3880
9 3881
5 3882
11 3883
4 3884
12 3885
4 3886
10 3887
6 3888
10 3889
6 3890
7 3891
3 3892
12 3893
8 3894
3 3895
7 3896
13 3897
5 3898
10 3899
1 3900
3 3901
3 3902
12 3903
3 3904
4 3905
7 3906
11 3907
9 3908
11 3909
13 3910
15 3911
15 3912
10 3913
5 3914
2 3915
9 3916
9 3917
6 3918
14 3919
8 3920
8 3921
13 3922
7 3923
10 3924
10 3925
6 3926
14 3927
9 3928
8 3929
6 3930
11 3931
6 3932
10 3933
4 3934
8 3935
12 3936
9 3937
10 3938
7 3939
6 3940
17 3941
4 3942
11 3943
15 3944
9 3945
9 3946
9 3947
9 3948
6 3949
5 3950
8 3951
10 3952
9 3953
10 3954
9 3955
3 3956
14 3957
4 3958
6 3959
3 3960
8 3961
5 3962
15 3963
6 3964
9 3965
4 3966
6 3967
8 3968
12 3969
6 3970
14 3971
8 3972
2 3973
10 3974
9 3975
6 3976
8 3977
5 3978
19 3979
8 3980
10 3981
6 3982
7 3983
10 3984
12 3985
8 3986
13 3987
9 3988
5 3989
5 3990
10 3991
9 3992
12 3993
4 3994
17 3995
13 3996
11 3997
6 3998
16 3999
13 4000
7 4001
6 4002
11 4003
9 4004
22 4005
12 4006
12 4007
10 4008
18 4009
9 4010
16 4011
13 4012
10 4013
12 4014
12 4015
22 4016
14 4017
18 4018
13 4019
9 4020
13 4021
7 4022
16 4023
7 4024
12 4025
6 4026
15 4027
9 4028
9 4029
8 4030
9 4031
9 4032
10 4033
1 4034
19 4035
4 4036
7 4037
12 4038
10 4039
3 4040
12 4041
5 4042
12 4043
14 4044
10 4045
14 4046
8 4047
10 4048
12 4049
6 4050
15 4051
11 4052
17 4053
11 4054
11 4055
8 4056
10 4057
8 4058
10 4059
8 4060
6 4061
7 4062
6 4063
11 4064
9 4065
10 4066
9 4067
7 4068
8 4069
5 4070
6 4071
7 4072
7 4073
7 4074
4 4075
6 4076
8 4077
7 4078
8 4079
7 4080
5 4081
6 4082
9 4083
5 4084
6 4085
7 4086
8 4087
5 4088
12 4089
2 4090
5 4091
4 4092
13 4093
6 4094
8 4095
5 4096
13 4097
4 4098
7 4099
6 4100
12 4101
2 4102
14 4103
7 4104
11 4105
1 4106
6 4107
2 4108
10 4109
9 4110
11 4111
8 4112
7 4113
2 4114
9 4115
6 4116
3 4117
4 4118
13 4119
7 4121
6 4122
14 4123
3 4124
5 4125
4 4126
7 4127
6 4128
6 4129
1 4130
9 4131
2 4132
10 4133
6 4134
14 4135
8 4137
1 4138
9 4139
2 4140
8 4141
7 4142
9 4143
4 4144
2 4145
8 4146
5 4147
2 4148
2 4149
6 4150
6 4151
8 4152
11 4153
4 4154
9 4155
3 4156
8 4157
3 4158
11 4159
6 4160
7 4161
2 4162
3 4163
4 4164
4 4165
3 4166
3 4167
4 4168
5 4169
4 4170
3 4171
5 4172
3 4173
2 4174
9 4175
4 4176
5 4177
4 4178
4 4179
5 4181
3 4182
8 4183
7 4184
10 4185
1 4186
7 4187
3 4188
4 4189
11 4191
2 4192
9 4193
8 4194
9 4195
3 4196
14 4197
6 4198
8 4199
4 4200
6 4201
4 4202
12 4203
1 4204
12 4205
5 4206
11 4207
3 4208
5 4209
4 4210
4 4211
2 4212
6 4213
2 4214
5 4215
4 4216
8 4217
4 4218
12 4219
5 4221
3 4222
6 4223
1 4224
7 4225
5 4226
12 4227
2 4228
7 4229
1 4230
13 4231
4 4232
9 4233
7 4234
8 4235
4 4236
8 4237
2 4238
10 4239
9 4241
4 4242
7 4243
4 4244
10 4245
3 4246
9 4247
2 4248
14 4249
2 4250
7 4251
4 4252
10 4253
1 4254
4 4255
2 4256
8 4257
1 4258
10 4259
3 4260
6 4261
3 4262
5 4263
3 4264
7 4265
2 4266
7 4267
3 4268
9 4269
5 4270
10 4271
1 4272
8 4273
7 4274
9 4275
1 4276
3 4277
3 4278
10 4279
5 4280
2 4281
2 4282
9 4283
1 4284
4 4285
4 4286
10 4287
2 4288
4 4289
3 4290
8 4291
3 4292
5 4293
2 4294
4 4295
3 4296
9 4297
1 4298
10 4299
3 4300
4 4301
3 4302
1 4303
2 4304
7 4305
4 4306
6 4307
5 4308
13 4309
6 4311
1 4312
7 4313
3 4314
7 4315
4 4316
9 4317
2 4318
7 4319
1 4320
6 4321
4 4322
7 4323
1 4324
6 4325
2 4326
10 4327
2 4328
7 4329
2 4330
5 4331
3 4332
7 4333
3 4334
5 4335
2 4336
6 4337
1 4338
7 4339
5 4341
2 4342
3 4343
3 4344
8 4345
1 4346
2 4347
3 4348
4 4349
2 4350
4 4351
1 4352
2 4353
2 4354
5 4355
1 4356
12 4357
1 4358
9 4359
2 4360
7 4361
5 4362
5 4363
1 4364
5 4365
4 4366
12 4367
4 4368
7 4369
2 4370
7 4371
1 4372
8 4373
1 4374
6 4375
4 4376
10 4377
3 4378
7 4379
1 4380
6 4381
1 4382
2 4383
1 4384
4 4385
3 4386
9 4387
2 4388
2 4389
2 4390
9 4391
1 4392
6 4393
3 4394
4 4395
2 4396
1 4397
4 4398
4 4399
1 4400
7 4401
2 4402
4 4403
7 4405
3 4406
4 4407
4 4408
6 4409
7 4411
2 4412
8 4413
1 4414
3 4415
1 4416
4 4417
2 4418
10 4419
6 4420
7 4421
1 4422
4 4423
1 4424
6 4425
2 4426
6 4427
1 4428
9 4429
3 4430
4 4431
8 4433
3 4434
4 4435
4 4437
2 4438
4 4439
1 4440
6 4441
1 4442
3 4443
3 4444
6 4445
2 4446
6 4447
3 4448
6 4449
2 4450
5 4451
2 4452
8 4453
2 4454
5 4455
3 4456
4 4457
1 4458
5 4459
3 4460
3 4461
1 4462
6 4463
5 4465
2 4467
2 4468
4 4469
3 4470
6 4471
1 4472
4 4473
1 4474
2 4475
7 4477
2 4478
2 4479
5 4480
2 4481
2 4482
1 4483
3 4484
2 4485
2 4486
3 4487
1 4488
6 4489
1 4490
2 4491
3 4492
6 4493
3 4494
2 4495
1 4496
4 4497
1 4498
4 4500
4 4501
6 4503
2 4504
3 4505
1 4506
4 4507
2 4508
4 4509
2 4510
7 4511
3 4512
2 4513
3 4514
3 4515
4 4516
4 4517
2 4518
4 4519
3 4520
2 4521
4 4522
2 4523
1 4524
5 4525
2 4526
4 4527
2 4528
2 4529
1 4530
3 4531
5 4533
2 4534
2 4536
5 4537
5 4539
3 4541
1 4542
6 4543
5 4544
2 4545
4 4547
2 4549
2 4550
5 4551
1 4552
1 4555
3 4556
2 4557
1 4558
4 4559
2 4561
3 4563
1 4564
4 4565
5 4567
4 4568
4 4569
3 4570
1 4571
1 4572
1 4573
2 4574
2 4575
2 4579
1 4580
3 4581
1 4582
2 4583
4 4585
1 4586
2 4587
5 4589
1 4591
4 4592
1 4595
1 4597
4 4599
1 4600
1 4601
1 4602
2 4603
2 4604
2 4607
2 4608
2 4610
1 4612
1 4613
4 4615
2 4616
1 4617
2 4618
2 4619
1 4620
4 4621
2 4623
3 4625
2 4627
1 4628
1 4629
1 4630
4 4631
2 4632
2 4634
2 4635
1 4636
3 4639
2 4640
1 4641
3 4642
2 4643
1 4644
1 4645
3 4647
1 4648
2 4649
1 4650
1 4653
1 4654
1 4655
3 4657
2 4659
3 4660
2 4661
2 4665
1 4668
1 4670
2 4671
1 4672
3 4673
1 4675
1 4676
2 4677
1 4679
2 4680
1 4681
2 4683
2 4684
2 4685
1 4686
3 4687
2 4689
3 4690
1 4691
3 4693
1 4694
1 4695
2 4697
2 4699
2 4700
1 4701
2 4703
1 4704
1 4705
3 4708
1 4709
1 4710
2 4713
2 4714
2 4720
1 4721
3 4722
1 4724
2 4725
2 4727
1 4728
2 4729
1 4730
1 4731
2 4732
2 4733
1 4734
3 4736
3 4737
2 4738
1 4739
2 4740
3 4741
1 4742
1 4743
2 4744
2 4745
2 4747
1 4748
3 4749
3 4750
2 4753
2 4754
1 4757
1 4759
1 4760
3 4761
2 4762
3 4765
3 4768
1 4772
1 4773
1 4775
1 4776
1 4778
1 4779
2 4785
1 4786
1 4787
1 4788
2 4789
2 4790
1 4791
2 4792
2 4793
1 4794
1 4795
1 4796
1 4797
2 4799
1 4800
1 4801
1 4803
2 4804
1 4806
2 4807
1 4808
2 4809
2 4810
1 4811
2 4813
1 4814
1 4815
1 4816
2 4817
1 4818
3 4819
2 4821
1 4822
2 4823
1 4824
2 4825
1 4826
1 4827
1 4829
1 4830
2 4833
1 4835
1 4837
1 4841
1 4842
1 4845
1 4846
1 4850
3 4851
2 4853
1 4854
1 4855
1 4856
1 4857
2 4858
1 4859
1 4861
3 4862
2 4863
1 4864
2 4868
3 4869
2 4870
1 4871
1 4874
2 4875
1 4877
1 4878
1 4880
1 4882
1 4886
4 4887
3 4890
1 4891
1 4892
3 4893
1 4894
1 4895
1 4896
1 4897
3 4901
1 4903
3 4904
2 4905
1 4907
1 4908
1 4909
2 4911
3 4912
2 4913
1 4915
1 4917
1 4921
1 4923
1 4924
3 4925
2 4927
1 4928
1 4931
1 4933
1 4934
1 4937
1 4938
2 4939
2 4940
2 4941
1 4942
1 4944
1 4947
2 4948
3 4950
1 4952
1 4953
2 4955
2 4956
2 4957
1 4959
2 4961
1 4962
2 4963
2 4965
1 4966
3 4969
2 4970
1 4971
1 4972
1 4973
1 4974
1 4975
2 4977
1 4978
3 4979
1 4980
2 4981
1 4982
3 4983
4 4985
1 4986
1 4987
1 4989
2 4991
1 4992
3 4993
2 4994
3 4995
1 4996
2 4997
1 4998
2 5001
2 5003
2 5006
1 5009
1 5012
2 5013
3 5014
1 5015
2 5016
1 5019
1 5021
1 5022
1 5023
1 5026
1 5028
1 5029
1 5030
1 5031
1 5033
1 5034
2 5035
4 5039
2 5043
1 5044
2 5045
1 5047
1 5048
3 5051
1 5053
1 5055
2 5057
2 5063
2 5065
1 5066
1 5067
2 5069
3 5072
1 5073
1 5074
2 5076
2 5080
1 5081
1 5082
2 5084
1 5087
2 5089
1 5091
1 5092
1 5093
1 5094
1 5095
1 5096
1 5098
2 5099
2 5100
1 5101
2 5102
1 5103
1 5106
1 5107
1 5108
1 5110
1 5116
1 5118
3 5121
1 5122
2 5123
1 5125
2 5127
1 5130
1 5131
2 5134
1 5135
1 5136
2 5138
2 5139
1 5140
2 5141
2 5143
1 5149
1 5151
1 5152
2 5154
1 5157
1 5158
1 5159
2 5160
2 5161
1 5165
2 5166
2 5167
1 5168
1 5170
1 5171
1 5174
1 5175
1 5177
1 5179
1 5181
1 5183
1 5184
1 5185
1 5187
2 5191
1 5192
1 5193
2 5194
1 5195
1 5196
2 5197
1 5199
1 5201
1 5202
1 5203
1 5204
1 5207
2 5209
1 5210
2 5215
2 5217
3 5218
1 5219
2 5220
1 5223
1 5225
2 5229
2 5230
1 5232
1 5233
3 5236
2 5239
2 5240
1 5241
1 5243
1 5248
1 5249
1 5250
2 5251
2 5252
3 5260
1 5261
1 5262
1 5263
1 5265
2 5266
1 5267
1 5268
2 5273
2 5274
1 5275
2 5276
2 5277
1 5281
2 5282
1 5283
1 5287
3 5289
2 5294
1 5295
1 5297
2 5298
1 5299
1 5300
1 5301
1 5302
3 5304
1 5306
1 5307
1 5311
5 5312
1 5320
2 5321
1 5322
1 5330
1 5333
1 5334
3 5335
2 5336
1 5338
1 5339
1 5340
2 5341
1 5342
1 5345
2 5346
1 5348
2 5349
1 5350
2 5351
3 5352
1 5354
2 5355
2 5358
1 5359
2 5360
2 5364
2 5366
3 5367
1 5368
1 5369
2 5370
1 5371
1 5372
2 5374
1 5376
1 5377
3 5378
1 5379
1 5380
1 5382
1 5384
1 5385
1 5387
1 5388
1 5392
1 5393
1 5395
1 5398
1 5401
2 5405
2 5407
1 5408
2 5409
1 5410
1 5411
1 5412
2 5417
1 5419
1 5421
1 5422
1 5426
1 5428
3 5432
1 5433
1 5434
1 5436
1 5438
1 5439
1 5440
1 5447
1 5449
2 5451
4 5452
1 5453
1 5455
2 5456
2 5457
1 5458
2 5459
1 5462
1 5466
1 5467
2 5470
1 5472
1 5475
2 5476
1 5480
1 5481
1 5484
2 5485
2 5487
2 5489
1 5491
1 5492
2 5496
2 5498
4 5499
1 5500
1 5502
1 5503
1 5505
1 5506
1 5509
4 5510
1 5511
1 5512
1 5513
1 5514
1 5517
1 5518
1 5519
1 5520
1 5521
1 5522
1 5523
1 5524
1 5530
4 5532
1 5534
1 5535
2 5536
2 5537
1 5539
1 5541
1 5542
1 5543
2 5546
3 5547
1 5548
2 5553
1 5556
2 5557
1 5559
1 5560
2 5562
1 5564
1 5565
1 5566
3 5567
2 5570
1 5572
2 5573
1 5574
1 5575
2 5577
2 5578
1 5580
3 5581
3 5582
1 5583
1 5584
1 5585
1 5587
1 5588
3 5589
2 5590
1 5592
1 5593
2 5595
3 5596
1 5597
1 5598
1 5599
2 5600
3 5602
1 5604
1 5605
1 5606
3 5607
1 5608
3 5610
1 5611
1 5614
1 5615
1 5618
2 5620
1 5621
1 5622
1 5623
3 5624
1 5625
2 5627
1 5628
4 5629
2 5631
1 5632
1 5633
1 5634
1 5635
1 5636
1 5637
1 5638
3 5639
2 5640
1 5645
3 5646
1 5647
1 5653
1 5654
2 5656
1 5657
2 5658
1 5659
1 5664
1 5665
1 5667
3 5668
1 5669
3 5670
1 5671
1 5673
2 5674
1 5675
1 5676
1 5677
2 5678
2 5679
1 5680
1 5681
2 5682
2 5683
1 5688
2 5691
1 5692
3 5694
1 5697
2 5698
1 5700
2 5701
1 5702
2 5705
1 5708
2 5709
1 5711
1 5713
2 5715
1 5716
1 5717
1 5720
1 5721
2 5722
1 5726
2 5727
1 5728
1 5729
1 5730
1 5731
4 5732
3 5736
1 5737
2 5738
1 5739
1 5740
2 5742
1 5744
1 5745
1 5747
1 5748
2 5749
1 5750
2 5752
1 5753
1 5755
1 5759
2 5760
1 5761
2 5763
1 5764
1 5765
1 5768
3 5770
2 5771
1 5772
2 5773
1 5774
1 5775
3 5777
1 5778
2 5779
2 5782
4 5783
2 5784
4 5785
1 5786
1 5787
1 5788
2 5789
1 5790
2 5792
1 5793
2 5794
2 5795
1 5796
3 5797
1 5798
1 5799
1 5800
1 5801
2 5802
2 5803
1 5804
2 5805
2 5806
1 5811
2 5812
2 5815
2 5816
1 5817
1 5819
2 5820
2 5823
2 5824
1 5825
1 5826
1 5827
3 5828
3 5829
1 5830
3 5831
2 5833
2 5835
2 5837
3 5838
1 5839
1 5842
3 5843
1 5844
1 5845
1 5846
2 5847
2 5848
2 5849
1 5850
1 5851
1 5852
2 5853
2 5854
3 5856
2 5857
1 5858
2 5861
4 5862
2 5863
3 5865
2 5866
1 5868
1 5869
2 5872
2 5873
1 5874
1 5875
1 5877
1 5878
1 5879
2 5880
2 5881
1 5882
1 5883
1 5886
1 5890
1 5891
2 5892
3 5894
2 5895
1 5896
3 5897
1 5898
1 5899
3 5900
1 5901
1 5902
1 5904
1 5905
2 5906
1 5907
1 5908
2 5909
1 5910
1 5912
1 5913
1 5914
2 5915
2 5916
1 5917
2 5918
1 5919
2 5920
3 5923
1 5924
1 5925
2 5926
1 5927
1 5928
1 5930
4 5931
1 5932
1 5934
1 5936
2 5938
1 5940
4 5942
2 5943
3 5944
2 5945
3 5946
1 5947
2 5949
1 5950
1 5951
1 5952
1 5953
2 5954
1 5955
2 5956
2 5962
1 5964
1 5966
2 5967
1 5968
1 5969
1 5974
2 5975
1 5976
1 5977
4 5978
2 5981
1 5982
2 5983
3 5984
2 5985
1 5989
3 5992
1 5993
1 5995
2 5996
2 5998
1 5999
1 6000
2 6001
3 6002
1 6003
2 6004
2 6006
1 6007
2 6008
2 6009
1 6010
1 6011
2 6014
2 6017
2 6018
1 6019
1 6020
1 6021
1 6022
2 6023
2 6024
1 6027
3 6028
2 6030
2 6034
1 6036
1 6037
2 6038
1 6041
1 6043
1 6044
2 6045
2 6046
2 6047
1 6051
1 6052
3 6054
3 6055
2 6057
2 6058
3 6059
2 6060
1 6061
1 6062
2 6063
3 6064
1 6066
2 6067
2 6069
1 6070
1 6071
3 6072
4 6073
2 6074
2 6075
1 6076
1 6077
2 6078
1 6080
3 6081
1 6082
1 6083
1 6084
2 6087
1 6090
1 6091
1 6092
2 6093
1 6096
1 6097
2 6099
1 6101
3 6102
1 6103
2 6105
1 6106
1 6109
2 6112
2 6113
4 6115
2 6116
2 6118
3 6120
1 6121
2 6123
1 6124
1 6126
2 6128
2 6130
1 6131
1 6133
1 6134
1 6135
1 6137
2 6138
1 6139
2 6140
2 6141
2 6143
2 6144
1 6145
2 6146
2 6148
1 6150
2 6151
2 6153
1 6154
1 6159
2 6160
3 6161
2 6163
2 6164
2 6165
1 6166
1 6167
1 6168
1 6169
3 6170
1 6171
1 6173
3 6174
2 6175
1 6177
3 6179
2 6180
2 6182
1 6183
1 6185
1 6186
1 6187
1 6188
2 6189
2 6191
1 6193
2 6194
2 6195
1 6197
1 6198
3 6200
1 6201
2 6202
1 6203
3 6204
5 6205
2 6207
3 6208
2 6209
3 6210
1 6211
1 6212
1 6214
2 6217
1 6218
1 6219
1 6220
3 6221
1 6222
2 6223
1 6226
1 6227
3 6228
3 6229
1 6230
1 6232
1 6235
1 6236
1 6237
1 6238
1 6240
3 6242
2 6243
2 6244
1 6245
1 6246
1 6247
1 6249
2 6250
2 6251
1 6252
3 6253
1 6256
2 6257
1 6258
1 6259
2 6260
2 6261
1 6262
1 6263
2 6264
1 6265
1 6266
2 6267
2 6268
4 6269
1 6272
2 6273
1 6274
1 6275
1 6276
3 6277
3 6279
2 6281
1 6282
1 6283
1 6284
2 6285
1 6286
3 6287
1 6288
2 6290
1 6291
1 6292
1 6293
1 6294
1 6295
1 6296
1 6299
2 6300
1 6301
1 6303
1 6305
1 6306
2 6307
2 6309
2 6310
1 6311
1 6312
1 6316
1 6322
1 6323
2 6324
4 6325
4 6326
2 6327
1 6328
2 6330
1 6333
2 6334
1 6335
2 6336
1 6341
2 6342
2 6343
1 6344
2 6345
1 6346
3 6348
2 6349
1 6350
1 6351
4 6352
2 6353
1 6354
1 6356
1 6358
2 6359
2 6360
1 6361
1 6362
1 6363
1 6365
3 6367
1 6369
2 6370
1 6371
2 6375
1 6377
2 6378
1 6379
2 6381
1 6384
2 6385
1 6388
1 6389
2 6390
2 6391
1 6393
2 6395
2 6396
2 6397
1 6398
1 6399
3 6402
2 6403
1 6404
2 6405
1 6407
1 6408
3 6409
1 6410
2 6415
2 6416
3 6420
2 6421
1 6422
2 6423
2 6425
1 6426
1 6427
1 6429
1 6432
2 6433
2 6434
3 6435
2 6437
2 6440
1 6441
1 6442
3 6443
2 6444
1 6445
1 6446
1 6447
2 6450
2 6451
1 6452
2 6453
1 6454
2 6455
2 6456
3 6457
2 6458
1 6460
1 6462
1 6463
4 6465
1 6466
2 6469
2 6470
1 6471
1 6472
1 6474
3 6475
1 6476
1 6481
3 6482
1 6486
2 6487
3 6488
2 6489
2 6490
3 6491
3 6492
2 6494
1 6495
1 6496
1 6498
1 6500
1 6501
2 6502
2 6504
3 6505
3 6506
1 6507
3 6508
1 6509
1 6511
1 6512
1 6513
1 6514
4 6516
1 6517
2 6519
1 6520
3 6521
1 6523
3 6524
2 6525
2 6527
1 6532
1 6534
2 6535
1 6536
1 6537
1 6538
2 6541
3 6542
1 6544
1 6545
2 6546
1 6548
2 6549
1 6550
1 6551
3 6553
1 6554
1 6555
3 6556
1 6557
1 6558
1 6559
1 6560
2 6561
5 6563
5 6564
1 6567
1 6569
1 6570
2 6572
2 6573
1 6574
1 6575
1 6576
1 6577
1 6578
1 6579
1 6580
2 6583
2 6584
1 6585
2 6586
2 6587
2 6588
2 6589
1 6590
1 6591
2 6592
2 6594
2 6596
1 6598
1 6600
3 6601
1 6602
1 6603
1 6604
2 6605
1 6608
2 6609
3 6611
1 6614
2 6616
2 6617
3 6618
2 6619
1 6622
1 6623
1 6625
2 6626
1 6627
3 6628
2 6629
2 6630
4 6636
2 6637
2 6640
1 6641
2 6642
1 6643
1 6644
1 6645
2 6646
1 6647
1 6648
3 6649
1 6651
2 6652
1 6653
1 6655
2 6658
2 6661
3 6663
1 6664
2 6665
3 6667
1 6668
2 6670
1 6673
1 6674
1 6675
1 6676
1 6679
2 6680
1 6682
6 6683
1 6686
2 6687
1 6688
4 6690
1 6691
1 6692
1 6693
1 6695
1 6696
3 6697
1 6698
1 6701
1 6702
2 6703
1 6704
1 6705
1 6706
1 6708
2 6709
1 6710
1 6711
1 6712
3 6713
2 6714
2 6715
2 6716
2 6718
1 6719
1 6721
2 6722
1 6723
3 6724
1 6725
3 6729
3 6730
4 6732
1 6733
1 6735
2 6736
1 6737
3 6740
3 6741
1 6743
1 6745
1 6746
1 6747
2 6748
3 6749
2 6751
1 6752
1 6754
3 6757
3 6758
1 6760
1 6761
3 6762
2 6765
4 6766
1 6768
2 6769
2 6770
1 6771
2 6774
1 6775
1 6778
3 6779
2 6780
1 6781
1 6782
1 6783
2 6785
1 6786
1 6787
2 6788
2 6789
2 6790
2 6791
4 6792
1 6796
1 6798
2 6799
1 6800
2 6801
1 6802
1 6804
1 6805
2 6806
2 6807
1 6808
1 6809
3 6810
3 6811
3 6812
1 6813
1 6814
1 6815
2 6816
1 6817
3 6819
1 6823
1 6824
2 6825
1 6827
2 6828
3 6829
1 6830
5 6831
1 6832
2 6834
1 6835
2 6837
2 6840
2 6841
1 6842
1 6844
2 6846
1 6847
3 6850
1 6851
2 6852
1 6854
2 6855
1 6856
2 6858
3 6862
3 6863
3 6864
1 6865
2 6867
5 6868
1 6870
3 6872
1 6876
1 6877
5 6878
1 6879
2 6880
1 6882
1 6883
3 6884
1 6886
1 6887
2 6888
1 6890
2 6891
2 6892
2 6894
1 6895
1 6896
1 6897
1 6898
1 6899
1 6900
1 6901
1 6902
1 6903
3 6904
2 6909
1 6910
3 6912
1 6913
1 6914
2 6915
1 6916
1 6917
2 6918
1 6919
2 6920
1 6921
2 6922
1 6923
3 6924
2 6926
4 6927
1 6928
1 6930
1 6932
2 6937
1 6940
1 6941
2 6942
4 6943
1 6945
2 6946
3 6947
2 6948
3 6951
2 6952
1 6953
2 6955
1 6957
4 6958
4 6959
1 6960
3 6961
1 6963
1 6964
3 6965
1 6966
2 6967
1 6968
3 6969
3 6970
2 6971
2 6972
1 6973
1 6975
3 6976
1 6977
1 6978
1 6979
3 6981
3 6982
3 6984
2 6985
2 6986
1 6988
1 6989
1 6991
1 6993
1 6994
1 6995
1 6996
3 6997
2 6998
2 6999
2 7000
4 7002
2 7003
3 7004
2 7005
3 7006
2 7008
3 7010
1 7011
1 7012
3 7013
3 7014
2 7016
1 7017
3 7018
2 7019
1 7020
4 7022
2 7023
1 7025
1 7026
3 7027
2 7028
1 7030
1 7031
2 7032
3 7033
1 7034
1 7035
1 7037
1 7038
1 7039
1 7041
1 7042
3 7043
1 7045
1 7046
1 7047
1 7048
2 7050
1 7051
1 7052
1 7053
2 7054
1 7056
2 7057
5 7058
2 7059
1 7060
2 7061
1 7062
1 7063
1 7064
1 7065
3 7066
1 7069
2 7071
2 7072
1 7073
2 7074
2 7076
3 7078
4 7080
1 7081
3 7082
3 7083
1 7084
1 7085
1 7086
3 7088
1 7090
1 7092
2 7093
1 7095
2 7097
4 7098
1 7099
1 7101
2 7102
2 7103
3 7105
2 7107
3 7108
1 7110
3 7111
1 7112
1 7114
1 7116
1 7117
1 7118
1 7119
1 7120
1 7121
1 7122
2 7123
1 7124
1 7125
1 7126
2 7131
2 7134
2 7135
1 7137
2 7141
1 7142
1 7143
1 7144
2 7146
1 7148
2 7150
3 7151
2 7152
2 7155
1 7157
5 7160
1 7162
1 7163
1 7164
1 7165
2 7169
1 7170
3 7171
1 7173
1 7174
3 7175
1 7176
1 7178
2 7180
1 7181
2 7182
2 7183
1 7186
3 7189
1 7191
3 7192
2 7193
2 7196
1 7197
1 7198
1 7199
1 7200
1 7201
1 7202
1 7203
2 7204
2 7205
2 7207
1 7208
2 7209
1 7210
2 7211
2 7213
1 7214
3 7216
3 7217
1 7218
4 7219
2 7220
2 7221
1 7224
4 7225
1 7227
3 7228
1 7229
1 7232
1 7234
2 7235
1 7236
3 7237
1 7238
1 7240
2 7241
2 7242
2 7243
2 7244
1 7245
1 7250
3 7253
2 7255
1 7258
1 7259
1 7260
1 7261
1 7262
1 7263
1 7264
2 7266
1 7271
2 7272
2 7273
1 7278
1 7279
1 7280
1 7281
3 7282
2 7283
1 7286
1 7287
1 7288
1 7289
1 7290
1 7292
2 7294
1 7295
1 7298
1 7300
2 7302
2 7304
3 7307
1 7308
2 7314
1 7315
1 7316
1 7318
2 7319
1 7322
2 7323
2 7325
1 7327
1 7330
2 7331
2 7332
1 7333
2 7334
1 7335
2 7338
2 7339
3 7341
5 7343
1 7344
1 7346
2 7348
1 7349
1 7350
3 7353
2 7355
1 7358
1 7360
1 7361
1 7362
1 7363
3 7365
2 7366
1 7367
1 7369
1 7370
1 7371
1 7372
1 7373
3 7375
1 7376
1 7377
1 7378
2 7380
1 7381
3 7383
2 7384
2 7385
2 7386
1 7387
1 7388
3 7391
1 7392
1 7393
1 7394
1 7395
1 7397
3 7399
1 7400
2 7401
1 7402
1 7406
2 7407
3 7408
1 7411
3 7414
1 7415
1 7416
1 7419
2 7420
1 7421
1 7422
1 7423
1 7424
2 7425
1 7428
2 7430
1 7431
1 7432
1 7434
2 7436
2 7438
1 7439
2 7442
1 7444
2 7447
1 7449
3 7450
1 7451
2 7452
1 7457
1 7459
1 7461
2 7462
1 7463
1 7467
3 7470
1 7472
1 7474
2 7475
1 7477
2 7478
4 7480
2 7481
1 7483
2 7486
1 7488
2 7490
1 7491
1 7493
2 7494
1 7496
2 7497
1 7498
3 7499
3 7500
1 7502
2 7505
1 7506
3 7507
1 7508
2 7510
1 7512
1 7514
1 7517
1 7518
3 7520
1 7521
2 7522
2 7523
3 7524
2 7526
1 7528
1 7529
1 7530
1 7533
2 7534
3 7535
1 7536
1 7537
1 7538
1 7540
2 7543
1 7544
2 7545
2 7546
1 7548
1 7549
2 7550
1 7556
1 7557
1 7558
1 7561
1 7562
2 7564
2 7569
1 7570
1 7571
2 7572
1 7574
1 7576
2 7578
1 7579
1 7581
1 7583
1 7587
1 7590
2 7592
1 7596
1 7597
1 7598
2 7600
1 7601
2 7602
4 7605
1 7606
1 7609
3 7610
1 7612
1 7614
2 7616
1 7617
1 7619
1 7623
1 7627
1 7628
1 7629
2 7631
2 7632
1 7634
1 7636
1 7638
2 7639
1 7643
2 7644
1 7646
2 7650
3 7652
2 7654
1 7655
2 7656
2 7657
1 7658
1 7660
2 7662
1 7665
1 7666
1 7667
2 7668
2 7669
1 7670
1 7671
1 7672
1 7673
1 7674
1 7676
1 7678
2 7679
2 7680
3 7682
1 7683
1 7684
1 7686
2 7688
1 7689
3 7691
2 7692
1 7697
1 7698
1 7699
3 7700
2 7704
3 7706
1 7707
1 7708
1 7709
1 7710
2 7711
1 7712
1 7714
2 7716
1 7717
2 7719
1 7721
2 7722
3 7724
1 7725
1 7726
1 7727
1 7728
2 7730
2 7734
1 7739
1 7740
2 7741
1 7742
2 7744
4 7746
1 7747
1 7749
2 7750
1 7751
1 7752
1 7756
1 7757
3 7760
1 7761
1 7762
1 7763
1 7764
2 7766
3 7767
3 7768
1 7769
1 7773
3 7774
1 7775
2 7776
2 7777
3 7778
1 7780
2 7781
2 7782
6 7783
1 7785
1 7789
1 7792
2 7793
2 7794
2 7795
3 7796
1 7797
2 7798
1 7799
1 7800
1 7802
5 7803
1 7804
1 7806
1 7809
1 7810
3 7811
2 7812
1 7814
1 7815
2 7816
1 7817
1 7820
1 7821
3 7822
2 7823
3 7824
1 7827
2 7828
3 7829
3 7830
1 7832
4 7834
1 7836
1 7837
2 7838
2 7845
2 7846
1 7847
1 7849
1 7850
3 7851
1 7852
2 7853
2 7854
1 7855
2 7857
1 7860
1 7861
2 7865
1 7866
1 7867
1 7868
2 7869
1 7870
2 7871
2 7872
3 7874
1 7875
1 7876
1 7877
1 7879
1 7882
1 7883
4 7884
1 7885
2 7886
1 7887
2 7888
1 7889
2 7891
1 7892
1 7895
1 7896
1 7897
2 7898
1 7899
4 7900
1 7901
3 7902
1 7903
1 7904
3 7908
3 7910
1 7911
3 7915
2 7917
2 7919
1 7920
2 7922
1 7923
1 7925
2 7927
1 7928
1 7932
2 7935
1 7937
2 7938
1 7940
2 7941
1 7945
1 7946
1 7947
2 7948
1 7950
1 7954
1 7955
2 7956
1 7957
4 7958
1 7960
1 7961
2 7962
2 7963
1 7964
1 7968
1 7969
2 7971
1 7973
1 7977
1 7978
2 7981
1 7983
2 7984
1 7986
1 7990
1 7992
1 7993
1 7996
2 7997
1 7998
1 8002
2 8003
2 8004
1 8005
1 8007
1 8008
2 8009
2 8010
2 8011
3 8015
1 8018
1 8019
1 8020
2 8022
1 8027
1 8028
2 8031
2 8032
1 8034
1 8035
1 8036
1 8037
2 8039
1 8042
2 8043
2 8044
2 8045
1 8046
1 8047
1 8048
2 8050
2 8052
1 8054
1 8055
1 8058
1 8059
1 8061
1 8066
1 8068
3 8069
1 8070
1 8074
3 8076
2 8078
1 8080
1 8081
2 8082
1 8087
1 8088
1 8093
1 8096
2 8097
2 8098
2 8100
1 8104
1 8106
2 8107
3 8108
1 8112
1 8114
3 8115
1 8118
1 8119
1 8122
1 8123
1 8125
1 8126
1 8127
1 8128
1 8129
2 8132
1 8133
2 8135
1 8136
1 8139
1 8142
1 8143
1 8144
2 8146
2 8148
3 8149
3 8150
1 8152
1 8153
1 8154
2 8158
3 8159
2 8162
1 8164
1 8165
2 8167
3 8168
2 8169
1 8172
1 8174
1 8180
2 8182
2 8184
2 8186
2 8190
1 8193
3 8194
2 8195
2 8196
3 8197
2 8198
1 8199
1 8200
3 8202
1 8203
1 8204
1 8207
1 8210
2 8211
3 8216
2 8217
1 8218
1 8220
2 8221
2 8222
1 8224
1 8225
3 8227
1 8228
1 8229
2 8230
3 8231
2 8232
2 8233
1 8234
1 8235
1 8236
1 8237
1 8240
1 8244
2 8248
1 8249
1 8250
2 8251
2 8252
1 8253
2 8254
1 8255
2 8256
1 8257
3 8258
1 8259
1 8261
1 8264
1 8267
1 8268
2 8269
2 8272
4 8273
1 8275
1 8276
1 8277
2 8278
1 8279
1 8280
2 8282
3 8283
2 8284
3 8285
1 8288
1 8289
5 8290
1 8291
1 8292
3 8294
2 8295
1 8296
2 8297
4 8298
1 8299
1 8300
3 8301
2 8305
1 8306
1 8309
3 8310
1 8311
1 8312
1 8313
2 8314
1 8315
1 8316
2 8317
1 8318
1 8320
3 8323
1 8324
3 8325
1 8327
3 8328
1 8330
1 8331
2 8333
5 8334
1 8336
1 8337
1 8338
3 8340
1 8341
4 8342
2 8343
2 8344
1 8345
1 8346
1 8350
4 8351
1 8352
4 8353
2 8356
1 8357
1 8358
2 8359
3 8360
1 8362
2 8364
2 8368
1 8369
2 8370
1 8373
1 8374
1 8375
1 8376
2 8377
1 8380
1 8384
1 8385
1 8387
2 8388
1 8391
4 8393
3 8395
1 8396
1 8397
1 8398
1 8399
1 8400
1 8402
2 8404
1 8408
2 8412
1 8414
1 8415
1 8416
1 8417
2 8418
1 8420
1 8421
4 8423
1 8424
1 8425
3 8426
1 8427
1 8428
2 8429
1 8430
1 8431
2 8432
1 8433
2 8435
1 8437
1 8439
2 8440
2 8443
1 8444
1 8445
1 8447
2 8450
3 8454
1 8456
1 8457
1 8458
1 8459
1 8461
2 8464
1 8468
1 8469
1 8480
2 8481
1 8483
1 8484
1 8489
1 8494
1 8497
1 8501
1 8503
3 8504
1 8510
1 8514
1 8516
2 8520
1 8522
2 8523
3 8524
1 8526
1 8527
2 8530
1 8531
1 8534
1 8537
1 8538
2 8539
2 8540
1 8541
2 8543
1 8546
1 8547
2 8548
1 8553
1 8554
1 8555
1 8556
1 8557
1 8560
3 8561
1 8562
1 8570
1 8575
1 8576
1 8577
1 8579
1 8580
2 8581
1 8586
1 8592
1 8594
1 8595
1 8596
1 8605
2 8606
1 8607
1 8611
2 8612
1 8614
1 8615
1 8616
1 8617
1 8623
1 8625
1 8626
2 8628
1 8630
1 8631
1 8632
1 8633
2 8634
1 8644
2 8645
1 8646
1 8649
2 8653
3 8657
1 8661
1 8663
1 8665
1 8666
1 8667
1 8669
1 8671
2 8673
1 8674
2 8677
1 8678
1 8680
1 8682
2 8683
1 8684
1 8685
1 8688
1 8689
2 8691
1 8695
1 8700
1 8701
1 8703
1 8704
1 8705
1 8708
1 8710
1 8712
1 8713
1 8716
2 8717
1 8720
1 8721
1 8726
2 8727
1 8728
1 8735
1 8736
1 8741
1 8747
1 8748
1 8753
1 8756
1 8757
1 8762
1 8771
1 8772
1 8773
1 8777
1 8781
2 8788
1 8789
1 8790
1 8797
1 8800
1 8804
1 8805
1 8806
1 8809
1 8817
1 8818
1 8832
1 8835
1 8838
1 8839
1 8841
1 8847
1 8848
2 8850
1 8852
1 8854
1 8858
2 8859
1 8862
1 8865
1 8873
1 8876
2 8881
2 8884
1 8885
1 8888
1 8891
1 8892
1 8895
1 8896
1 8906
1 8907
1 8908
1 8912
1 8922
1 8929
1 8930
1 8931
1 8932
1 8933
1 8934
1 8935
1 8940
2 8941
1 8951
1 8953
1 8954
1 8956
1 8964
2 8972
1 8979
1 8984
1 8986
1 9002
1 9014
1 9017
2 9018
1 9019
3 9021
1 9022
1 9025
1 9030
1 9032
1 9033
1 9034
1 9039
1 9042
1 9045
1 9047
1 9048
1 9050
1 9052
1 9057
2 9059
1 9071
1 9073
2 9079
1 9080
1 9084
1 9085
2 9086
1 9087
1 9094
2 9097
1 9100
1 9103
1 9105
1 9110
1 9118
1 9121
1 9122
1 9130
1 9131
1 9132
2 9135
1 9139
1 9140
1 9142
1 9143
1 9145
1 9146
1 9147
1 9149
1 9161
1 9163
1 9168
1 9173
1 9175
2 9182
1 9187
1 9191
1 9193
2 9197
1 9198
1 9201
1 9211
2 9213
1 9217
2 9219
1 9220
2 9225
1 9228
2 9230
1 9234
1 9235
1 9236
1 9252
1 9253
1 9254
1 9255
1 9264
1 9266
1 9270
1 9271
3 9272
1 9279
1 9280
1 9281
1 9283
1 9295
1 9300
1 9302
1 9305
1 9312
1 9320
1 9325
1 9327
1 9342
1 9344
1 9346
1 9349
2 9355
1 9359
2 9363
2 9368
1 9378
1 9381
1 9387
1 9397
1 9399
1 9401
1 9427
1 9428
1 9430
1 9435
1 9443
1 9451
2 9454
1 9462
1 9466
1 9470
2 9474
1 9483
1 9486
1 9500
1 9507
1 9509
1 9525
1 9530
1 9537
1 9542
1 9545
1 9548
1 9549
1 9551
1 9555
1 9557
2 9561
1 9570
1 9578
1 9581
1 9589
1 9592
1 9593
1 9601
1 9605
1 9608
1 9612
1 9617
1 9628
1 9631
1 9635
1 9641
1 9644
1 9646
1 9647
1 9656
1 9658
1 9665
1 9669
2 9674
1 9679
1 9689
1 9691
1 9692
1 9699
1 9704
1 9707
1 9708
1 9709
1 9712
1 9715
1 9720
1 9738
1 9746
1 9749
1 9751
1 9757
1 9783
1 9786
1 9792
1 9799
1 9806
1 9815
1 9830
1 9835
1 9838
1 9842
1 9844
1 9847
1 9876
1 9880
1 9884
1 9900
1 9911
1 9921
1 9923
1 9924
1 9925
1 9931
1 9956
2 9963
1 9968
1 9970
1 9972
1 9973
1 9974
1 9977
1 9979
1 9992
2 10002
1 10005
1 10016
1 10036
1 10044
1 10055
1 10057
1 10061
1 10071
1 10076
1 10085
1 10087
1 10093
1 10094
1 10104
1 10131
1 10135
1 10146
1 10151
1 10156
1 10160
1 10169
1 10184
1 10186
1 10193
1 10196
1 10197
1 10208
1 10219
1 10223
1 10230
1 10242
1 10249
1 10252
1 10255
1 10264
1 10273
1 10317
1 10323
1 10334
1 10337
1 10353
1 10360
1 10368
1 10370
1 10372
2 10377
1 10378
1 10394
1 10399
1 10414
2 10418
1 10435
1 10460
1 10463
1 10465
2 10476
1 10479
2 10482
1 10484
1 10485
1 10512
1 10540
1 10566
1 10578
1 10579
2 10586
1 10601
1 10603
1 10619
1 10621
1 10647
1 10651
1 10680
1 10698
1 10729
2 10733
2 10736
1 10751
1 10775
1 10780
1 10781
1 10783
1 10791
1 10809
1 10813
1 10825
1 10835
2 10889
1 10895
1 10897
1 10903
1 10908
1 10918
1 10929
1 10939
1 10944
1 10948
1 10962
1 10992
1 11006
1 11007
1 11013
1 11020
1 11052
1 11101
1 11118
1 11127
1 11133
1 11138
1 11150
1 11189
1 11205
1 11234
1 11249
1 11260
1 11298
1 11340
1 11350
1 11360
1 11403
1 11417
1 11447
1 11505
1 11523
1 11528
1 11581
1 11584
1 11598
1 11599
1 11603
1 11604
1 11616
1 11626
1 11631
1 11643
1 11647
1 11649
1 11650
1 11661
1 11669
1 11679
1 11680
1 11681
1 11693
1 11696
1 11702
1 11703
1 11716
1 11733
1 11736
1 11746
1 11751
1 11803
1 11815
1 11817
1 11824
1 11842
1 11846
1 11868
1 11885
1 11888
1 11889
1 11896
1 11915
1 11925
1 11949
1 11950
1 11957
1 11971
1 11990
1 11996
1 12000
1 12007
1 12011
1 12017
1 12025
1 12081
1 12086
1 12091
1 12113
1 12149
1 12166
1 12172
1 12183
1 12204
1 12208
1 12231
1 12239
1 12244
1 12251
1 12252
1 12264
1 12268
1 12275
1 12295
1 12296
1 12300
1 12320
1 12322
2 12346
1 12350
1 12351
1 12370
1 12375
1 12381
1 12383
2 12396
1 12403
1 12404
1 12408
1 12434
1 12446
1 12449
1 12469
1 12488
1 12492
1 12503
1 12515
1 12521
1 12536
1 12539
1 12543
1 12547
1 12562
1 12575
1 12583
1 12613
1 12619
1 12630
1 12633
1 12634
1 12637
1 12639
1 12649
1 12668
1 12670
1 12673
1 12675
1 12684
1 12703
1 12705
1 12719
2 12745
2 12765
1 12798
1 12804
1 12805
1 12815
1 12841
1 12860
1 12871
1 12885
1 12886
1 12891
2 12893
1 12902
1 12912
1 12922
1 12930
1 12939
1 12946
1 12950
1 12970
1 12976
1 12979
1 12981
1 12991
1 12997
2 13000
1 13003
1 13008
1 13009
1 13012
1 13018
1 13026
1 13044
1 13045
1 13047
1 13048
1 13049
1 13066
1 13075
1 13091
1 13095
1 13096
1 13098
1 13116
2 13146
1 13159
1 13163
1 13172
1 13173
1 13177
1 13196
1 13198
1 13200
1 13206
1 13212
1 13224
1 13229
1 13240
1 13242
1 13248
1 13250
1 13256
1 13257
1 13261
1 13270
1 13271
1 13284
1 13290
1 13295
1 13297
1 13298
1 13304
1 13330
1 13331
1 13334
1 13336
1 13343
1 13345
1 13361
1 13362
1 13364
1 13366
1 13376
1 13380
1 13386
1 13403
2 13407
1 13409
1 13415
1 13421
1 13422
1 13423
1 13437
1 13441
1 13443
1 13451
1 13454
2 13471
1 13474
1 13475
1 13477
1 13479
1 13487
1 13495
1 13505
1 13509
1 13512
1 13524
1 13530
1 13531
1 13532
1 13533
1 13538
1 13540
1 13556
1 13559
1 13567
1 13573
1 13575
1 13579
1 13585
1 13588
2 13591
1 13592
3 13603
1 13608
1 13620
1 13621
1 13628
1 13630
1 13637
1 13640
1 13642
1 13650
1 13660
3 13675
1 13679
1 13681
2 13692
1 13698
1 13703
1 13705
1 13709
1 13710
1 13711
1 13723
1 13724
1 13730
1 13733
1 13740
1 13756
1 13760
1 13766
1 13767
1 13774
1 13775
1 13776
1 13780
1 13781
1 13782
1 13797
1 13798
2 13801
2 13803
1 13807
1 13810
1 13811
1 13817
1 13819
1 13821
1 13824
1 13825
1 13838
1 13839
1 13840
2 13841
1 13848
1 13850
2 13853
1 13854
1 13857
1 13859
1 13861
1 13862
1 13866
1 13871
1 13872
1 13874
1 13876
1 13877
1 13881
1 13893
1 13900
1 13903
1 13904
2 13916
1 13920
1 13924
3 13926
1 13928
1 13931
1 13933
1 13949
1 13953
1 13980
1 13981
1 13982
1 13992
1 13995
1 13998
1 13999
1 14000
2 14001
1 14006
1 14010
1 14016
1 14019
1 14024
1 14029
1 14036
1 14038
1 14042
1 14044
2 14045
1 14048
1 14051
1 14061
1 14063
2 14069
1 14070
1 14071
1 14076
1 14082
1 14083
1 14089
1 14090
1 14092
1 14094
1 14100
1 14105
1 14110
1 14111
1 14114
2 14126
1 14134
1 14135
1 14143
1 14144
1 14147
1 14150
1 14151
1 14154
1 14157
1 14158
2 14159
1 14160
1 14161
1 14163
1 14172
1 14188
1 14189
1 14191
2 14193
2 14199
1 14200
2 14206
1 14210
1 14212
1 14214
1 14215
1 14216
1 14217
1 14226
1 14231
2 14235
1 14238
1 14240
1 14243
1 14247
1 14249
1 14250
1 14258
2 14262
1 14263
1 14270
1 14272
1 14280
1 14294
2 14296
1 14305
1 14306
1 14308
1 14310
1 14318
1 14328
1 14330
2 14334
1 14340
1 14346
1 14349
1 14354
1 14359
1 14362
1 14366
1 14367
1 14368
1 14370
1 14373
1 14383
1 14386
1 14390
2 14391
1 14397
1 14406
1 14408
1 14409
1 14410
1 14411
1 14413
1 14414
1 14417
1 14423
1 14424
1 14425
2 14428
1 14433
1 14435
1 14438
1 14447
1 14448
1 14449
1 14452
1 14454
1 14470
2 14473
1 14476
1 14477
2 14478
2 14481
1 14483
1 14490
2 14495
1 14496
1 14497
1 14498
1 14499
1 14505
1 14512
1 14517
1 14518
1 14522
1 14526
1 14527
1 14545
3 14549
2 14561
1 14564
1 14565
1 14570
1 14574
1 14575
1 14582
1 14586
2 14591
1 14596
1 14597
2 14600
2 14601
1 14604
1 14605
1 14609
1 14628
3 14629
1 14632
1 14636
1 14637
1 14641
1 14645
1 14651
1 14653
1 14662
1 14675
1 14678
1 14683
1 14685
1 14686
1 14690
3 14693
1 14706
1 14712
1 14713
1 14714
1 14715
2 14720
1 14733
1 14734
2 14738
1 14744
1 14753
1 14766
1 14769
1 14770
1 14771
1 14772
1 14773
1 14775
1 14777
1 14779
1 14783
1 14786
1 14787
2 14789
1 14791
1 14793
1 14794
1 14802
1 14805
2 14806
1 14811
1 14816
1 14818
1 14836
1 14840
1 14845
1 14854
2 14869
1 14870
1 14877
1 14884
1 14885
2 14896
1 14904
1 14909
1 14918
1 14920
1 14922
1 14924
1 14932
1 14936
2 14939
1 14941
1 14943
1 14946
1 14953
1 14954
3 14959
1 14963
1 14966
1 14972
1 14983
1 14984
1 15010
1 15014
1 15019
1 15022
1 15030
1 15032
1 15037
1 15039
1 15043
1 15046
1 15048
1 15064
1 15071
1 15084
1 15093
1 15095
1 15107
1 15109
1 15110
1 15112
1 15116
1 15123
1 15127
1 15136
1 15143
1 15157
1 15162
1 15163
1 15165
1 15166
1 15183
1 15201
1 15217
1 15223
1 15227
1 15257
1 15277
1 15280
1 15283
1 15288
1 15313
1 15323
1 15329
1 15330
2 15331
1 15335
1 15341
1 15347
1 15355
1 15357
1 15365
2 15394
1 15401
1 15402
1 15414
2 15416
1 15425
1 15433
1 15436
2 15454
1 15455
1 15463
1 15476
1 15492
1 15502
1 15510
1 15520
1 15523
1 15528
1 15530
1 15531
1 15536
1 15555
2 15561
1 15569
1 15591
1 15599
1 15609
1 15616
1 15618
1 15626
1 15628
1 15629
1 15660
1 15661
1 15667
1 15671
1 15674
1 15675
1 15686
1 15687
2 15688
1 15694
1 15707
1 15720
1 15724
1 15745
1 15746
2 15764
1 15767
1 15775
1 15777
1 15809
1 15812
1 15815
1 15821
1 15829
1 15833
1 15837
1 15876
1 15886
1 15887
1 15889
2 15891
1 15894
1 15917
1 15921
1 15937
1 15939
1 15961
1 15963
1 15966
1 15970
1 15986
1 15988
1 15994
1 15995
1 15996
1 16011
1 16021
1 16030
1 16034
1 16041
1 16048
1 16054
1 16060
1 16065
1 16069
1 16070
1 16082
2 16084
1 16091
1 16094
2 16095
1 16116
1 16117
1 16130
1 16141
1 16142
1 16146
1 16174
1 16175
1 16180
1 16184
1 16188
1 16189
1 16196
1 16197
1 16203
1 16207
1 16217
1 16226
1 16236
1 16238
1 16259
1 16262
2 16301
1 16311
1 16322
1 16326
1 16340
1 16346
1 16353
1 16367
1 16368
1 16372
1 16380
1 16390
1 16396
1 16402
1 16406
1 16411
1 16419
1 16423
1 16424
1 16432
1 16450
2 16453
1 16454
1 16455
1 16483
1 16513
1 16522
2 16533
1 16540
1 16543
1 16554
1 16561
1 16585
1 16589
1 16590
1 16593
1 16599
1 16612
1 16620
1 16621
1 16625
1 16626
1 16639
1 16643
1 16644
1 16650
1 16651
1 16659
1 16664
1 16679
1 16681
1 16684
1 16685
1 16693
1 16705
2 16715
1 16719
1 16721
1 16727
2 16735
1 16751
1 16770
1 16772
2 16777
1 16779
1 16802
1 16815
2 16835
1 16839
1 16854
1 16859
1 16862
1 16865
1 16867
1 16869
1 16870
1 16888
1 16891
1 16899
1 16904
1 16910
2 16914
1 16923
2 16927
1 16933
1 16961
1 16963
1 16965
1 16973
1 16979
1 16991
1 16993
1 17019
1 17027
1 17031
1 17040
1 17055
1 17056
1 17068
1 17069
1 17081
1 17085
1 17086
1 17095
1 17097
1 17100
1 17105
1 17110
1 17113
1 17115
1 17120
1 17121
1 17127
2 17129
1 17142
1 17145
1 17151
1 17152
1 17175
1 17188
1 17196
1 17211
1 17223
1 17225
1 17233
1 17238
2 17270
1 17292
1 17298
1 17302
1 17305
1 17318
1 17319
1 17341
2 17345
1 17354
1 17359
1 17360
2 17396
2 17402
1 17416
1 17417
2 17434
1 17448
1 17450
1 17466
1 17471
1 17493
1 17496
1 17509
1 17514
1 17532
1 17541
1 17573
1 17574
1 17585
1 17599
1 17609
1 17612
1 17615
1 17616
1 17631
1 17638
1 17653
2 17654
1 17668
1 17669
1 17684
1 17687
1 17689
1 17693
1 17700
1 17704
1 17711
1 17717
1 17719
1 17770
1 17782
1 17797
1 17806
1 17808
1 17809
1 17836
1 17837
1 17844
1 17848
1 17889
1 17918
1 17924
1 17927
1 17938
1 17949
1 17955
2 17989
1 18011
1 18021
1 18035
2 18039
1 18040
1 18070
1 18084
1 18114
1 18115
1 18147
1 18154
1 18157
1 18229
1 18250
1 18258
1 18270
1 18284
1 18293
1 18328
1 18330
1 18340
1 18343
1 18374
1 18375
1 18380
1 18385
1 18388
1 18389
1 18399
1 18405
1 18418
1 18420
1 18431
1 18470
2 18473
1 18475
1 18476
1 18485
1 18489
1 18496
1 18525
1 18531
1 18571
1 18572
1 18576
1 18614
1 18620
2 18621
1 18651
1 18656
1 18681
1 18683
1 18686
1 18687
1 18688
1 18691
1 18703
1 18705
1 18720
1 18725
1 18735
1 18799
1 18807
1 18813
1 18823
1 18827
1 18829
1 18830
1 18877
1 18892
1 18898
1 18900
1 18916
1 18934
1 18947
1 18954
1 18958
1 19001
1 19007
1 19009
1 19018
1 19033
1 19039
1 19045
1 19054
1 19062
1 19070
1 19071
1 19073
1 19083
1 19085
1 19086
1 19121
1 19131
1 19135
1 19137
1 19173
1 19175
1 19177
1 19178
1 19191
2 19197
2 19203
1 19207
1 19208
1 19214
1 19219
2 19238
1 19243
1 19249
1 19258
1 19265
1 19270
1 19275
1 19277
1 19280
1 19286
1 19288
1 19291
1 19305
1 19306
1 19308
1 19318
1 19321
1 19329
1 19342
1 19349
1 19355
1 19356
1 19364
1 19380
1 19382
1 19391
1 19394
1 19397
1 19400
1 19406
1 19409
1 19421
1 19434
1 19451
1 19453
1 19456
1 19462
1 19477
1 19486
1 19487
1 19493
1 19499
1 19513
1 19514
1 19523
1 19525
1 19554
1 19557
1 19558
1 19560
1 19564
1 19568
1 19572
1 19580
1 19589
2 19608
1 19615
1 19617
1 19624
1 19626
1 19628
1 19654
1 19656
1 19662
1 19691
1 19692
1 19722
1 19723
1 19744
1 19752
1 19762
1 19771
1 19773
1 19776
1 19789
1 19815
1 19823
1 19838
1 19855
1 19869
1 19875
1 19879
1 19906
2 19911
2 19917
1 19947
1 19978
1 19980
1 19990
1 19991
1 20011
1 20022
1 20027
2 20047
1 20058
1 20088
1 20110
1 20113
1 20114
1 20116
1 20133
1 20157
1 20187
1 20189
1 20191
1 20194
1 20201
1 20228
1 20236
1 20237
1 20243
1 20256
1 20260
1 20290
1 20306
1 20314
1 20321
1 20323
1 20324
1 20354
1 20358
1 20370
1 20373
1 20455
1 20456
1 20469
1 20492
1 20495
1 20496
1 20498
1 20499
1 20510
1 20531
1 20566
1 20572
1 20577
1 20582
1 20590
1 20601
1 20603
1 20604
1 20606
2 20613
1 20620
1 20653
1 20654
1 20659
2 20674
1 20675
1 20685
1 20689
1 20694
1 20695
1 20710
1 20722
1 20731
1 20734
1 20743
2 20774
1 20803
1 20806
1 20807
1 20819
1 20823
1 20827
1 20828
1 20834
1 20838
1 20842
1 20868
1 20889
1 20894
1 20898
1 20899
1 20901
1 20905
1 20907
1 20919
1 20925
1 20927
1 20936
1 20939
2 20942
2 20954
1 20962
1 20971
1 20976
2 20981
1 20992
1 21030
1 21032
1 21037
1 21040
1 21050
1 21072
1 21073
1 21077
1 21078
1 21080
1 21081
1 21083
1 21086
1 21094
1 21102
1 21106
1 21108
1 21113
1 21116
1 21118
1 21132
2 21141
1 21149
1 21152
1 21158
1 21159
1 21160
1 21169
1 21170
1 21174
1 21196
1 21204
1 21205
1 21208
1 21210
1 21211
2 21213
1 21215
1 21226
1 21228
1 21229
1 21234
1 21240
2 21247
1 21268
1 21270
1 21280
1 21283
1 21284
1 21285
1 21292
1 21298
1 21302
1 21305
2 21309
1 21312
1 21314
1 21320
2 21331
1 21334
1 21337
1 21345
1 21349
1 21351
1 21353
1 21355
1 21364
3 21372
1 21377
1 21378
1 21380
1 21386
1 21409
1 21425
1 21433
1 21438
1 21447
1 21454
1 21470
1 21475
1 21480
1 21484
1 21486
1 21490
1 21491
1 21505
1 21506
1 21507
2 21508
1 21519
1 21524
1 21531
1 21538
1 21539
1 21541
1 21542
1 21570
1 21580
1 21589
1 21594
1 21599
1 21600
1 21622
1 21641
1 21660
1 21664
1 21668
1 21680
1 21681
1 21684
1 21695
1 21703
2 21710
1 21722
1 21729
1 21738
1 21741
1 21752
1 21754
1 21759
2 21760
1 21764
1 21773
2 21776
1 21777
1 21779
1 21789
1 21797
1 21801
1 21822
1 21836
1 21847
2 21860
1 21865
1 21880
1 21885
2 21896
1 21901
1 21917
1 21950
1 21957
1 21978
1 21989
1 21993
1 22021
1 22023
1 22029
1 22042
1 22043
1 22056
1 22060
1 22078
1 22080
1 22084
1 22097
1 22103
1 22111
1 22121
1 22136
1 22139
1 22142
1 22162
1 22163
1 22168
1 22192
1 22213
1 22233
1 22261
1 22307
1 22339
1 22341
1 22343
2 22395
1 22404
1 22524
1 22533
1 22588
1 22593
1 22599
1 22603
1 22660
1 22706
1 22718
1 22739
1 22754
1 22855
1 23013
1 23052
1 23260
1 23384
1 23591
1 23625
1 23740
1 23996
1 24451
1 24899
1 25329
1 25476
1 25842
1 26079
1 26200
1 27101
1 27248
1 27305
1 27753
1 27977
1 28003
1 28051
1 28098
1 28585
1 28689
1 29116
1 29288
1 29418
1 29514
1 29543
1 29550
1 29701
1 29784
1 29848
1 30006
1 30029
1 30062
1 30717
1 30903
1 30970
1 30999
1 31762
1 31902
1 31951
1 31966
1 31970
1 32224
1 32247
1 32250
1 32276
1 32441
1 32451
1 32478
1 32515
1 32541
1 32655
1 32740
1 32857
1 33001
1 33033
1 33037
1 33110
1 33122
1 33167
1 33253
1 33268
1 33402
1 33426
1 33523
1 33531
1 33670
1 33795
1 33979
1 33998
1 34037
1 34101
1 34205
1 34293
1 34304
1 34312
1 34363
1 34365
1 34436
1 34511
1 34631
1 34641
1 34694
1 34699
1 34743
1 34805
1 34833
1 34845
1 35200
1 35210
1 35217
1 35263
1 35339
1 35394
1 35513
1 35551
1 35552
1 35567
1 35747
1 35777
1 35834
1 35875
1 35934
1 35963
1 35981
1 36005
1 36048
1 36063
1 36074
1 36136
1 36142
1 36248
1 36300
1 36322
1 36329
1 36402
1 36475
1 36487
1 36613
1 36791
1 36808
1 36811
1 36820
1 36960
1 37054
1 37073
1 37176
1 37194
1 37292
1 37328
1 37377
1 37398
1 37416
1 37483
1 37529
1 37534
1 37771
1 38063
1 38408
1 38462
1 38484
1 38792
1 39069
1 39309
1 39844
1 39901
1 39969
1 40082
1 40223
1 40238
1 40246
1 40266
1 40295
1 40313
1 40383
1 40441
1 40449
1 40501
1 40507
1 40514
1 40525
1 40564
1 40610
1 40626
2 40654
1 40687
1 40693
1 40696
1 40719
1 40744
1 40762
1 40766
1 40775
1 40858
1 40871
1 40874
1 40875
1 40877
1 40916
1 40952
1 40972
1 40981
1 41035
1 41132
1 41134
1 41206
1 41393
1 41425
1 41485
1 41506
1 41551
1 41762
1 42944
1 43171
1 43256
1 43653
1 43712
1 44170
1 44683
1 44826
1 45751
1 46401
1 49310
1 49571
1 49608
1 50028
1 50068
1 50146
1 50311
1 51187
1 51302
1 51330
1 51353
1 51464
1 51779
1 51956
1 52063
1 52174
1 52430
1 52544
1 52625
1 52675
1 52899
1 53233
1 53324
1 53486
1 53521
1 53815
1 54311
1 55296
1 55861
1 56418
1 56538
1 56661
1 56669
1 56785
1 66337
1 67364
1 72097
1 73913
1 74857
1 75488
1 78220
1 78616
1 80854
1 81405
1 85527
1 88087
1 88877
1 96141
1 97169
1 104849
1 107120
1 109180
1 112249
1 112452
1 115503
1 116093
1 116206
1 118531
1 121347
1 123957
1 124236
1 124250
1 124285
1 124299
1 124399
1 124427
1 124448
1 124449
1 124465
1 124469
1 124472
1 124489
1 124504
1 124535
1 124546
1 124554
1 124569
1 124586
1 124590
1 124602
2 124639
1 124652
1 124670
1 124689
1 124705
1 124713
1 124731
1 124741
1 124777
1 124782
1 124796
1 124798
1 124809
1 124919
1 124926
1 124946
1 125026
1 125069
1 125141
1 125143
1 125293
1 129215
1 135320
1 135469
1 138488
1 141915
1 142574
