6400499 1
181847 2
586189 3
117838 4
219835 5
52720 6
176858 7
50690 8
114706 9
25098 10
87385 11
23009 12
79162 13
18747 14
58534 15
24092 16
41518 17
14186 18
47320 19
16498 20
32109 21
14911 22
32134 23
20012 24
31177 25
7091 26
19558 27
8159 28
18224 29
14320 30
27143 31
8835 32
19898 33
6736 34
14273 35
4959 36
13114 37
3669 38
15717 39
5705 40
13888 41
4163 42
11640 43
3298 44
13132 45
3451 46
10928 47
4741 48
12783 49
29687 50
11045 51
3344 52
9549 53
4233 54
9554 55
4795 56
8191 57
2728 58
8033 59
4381 60
13958 61
2430 62
8609 63
2702 64
7851 65
2971 66
8556 67
3998 68
6434 69
2976 70
6635 71
2563 72
6453 73
2548 74
6200 75
2001 76
8665 77
1802 78
6614 79
3465 80
8363 81
1549 82
5183 83
1827 84
6947 85
2148 86
6796 87
2618 88
4874 89
3611 90
10123 91
2537 92
6398 93
1816 94
5844 95
3733 96
4850 97
1729 98
4095 99
2362 100
6540 101
1257 102
2976 103
1701 104
4421 105
872 106
3179 107
1042 108
3019 109
1007 110
3217 111
2498 112
3026 113
1116 114
3109 115
1015 116
2936 117
1048 118
3138 119
1315 120
2892 121
1063 122
5730 123
2040 124
3541 125
1140 126
2765 127
1516 128
3032 129
1362 130
3311 131
1043 132
2996 133
1046 134
3343 135
695 136
2874 137
967 138
4097 139
1193 140
3041 141
971 142
4132 143
1897 144
3463 145
1616 146
3418 147
1155 148
3059 149
1120 150
3594 151
1032 152
2909 153
1020 154
3359 155
1340 156
2300 157
728 158
4749 159
906 160
2623 161
1125 162
2193 163
625 164
2278 165
712 166
1697 167
530 168
2417 169
959 170
2024 171
1314 172
3591 173
867 174
2461 175
1524 176
2687 177
666 178
6724 179
1231 180
3681 181
688 182
3360 183
1109 184
3168 185
1153 186
2621 187
952 188
2394 189
571 190
1947 191
771 192
1972 193
714 194
1919 195
500 196
1497 197
460 198
1690 199
985 200
1821 201
398 202
1694 203
516 204
2056 205
490 206
2104 207
487 208
2496 209
728 210
1556 211
531 212
1405 213
906 214
1619 215
487 216
2320 217
431 218
1954 219
417 220
1639 221
455 222
2597 223
555 224
1624 225
588 226
1392 227
581 228
1618 229
480 230
1380 231
675 232
2262 233
806 234
2458 235
976 236
2733 237
700 238
1834 239
479 240
2566 241
1815 242
2535 243
499 244
2817 245
690 246
2074 247
711 248
2911 249
636 250
2010 251
659 252
2474 253
498 254
2354 255
708 256
2132 257
466 258
2204 259
388 260
2184 261
466 262
1817 263
414 264
2139 265
619 266
2632 267
375 268
2244 269
495 270
1899 271
522 272
1772 273
261 274
1940 275
294 276
1923 277
1439 278
1394 279
1237 280
4918 281
2077 282
1473 283
545 284
1647 285
379 286
2144 287
3124 288
1614 289
389 290
2034 291
2595 292
1446 293
508 294
1375 295
825 296
1373 297
360 298
1299 299
456 300
1492 301
493 302
1149 303
362 304
1038 305
435 306
1434 307
311 308
1100 309
338 310
1043 311
404 312
1099 313
335 314
995 315
308 316
1062 317
548 318
1361 319
495 320
1090 321
373 322
1420 323
735 324
1062 325
467 326
1194 327
497 328
1023 329
630 330
1094 331
761 332
1289 333
573 334
1010 335
2754 336
1110 337
301 338
860 339
319 340
1437 341
350 342
942 343
366 344
972 345
248 346
853 347
302 348
1058 349
298 350
7200 351
211 352
748 353
318 354
767 355
376 356
842 357
265 358
575 359
343 360
1039 361
244 362
869 363
285 364
913 365
585 366
3343 367
2887 368
1114 369
264 370
2333 371
314 372
640 373
296 374
649 375
310 376
947 377
237 378
1097 379
223 380
958 381
235 382
827 383
362 384
945 385
219 386
1077 387
323 388
884 389
254 390
568 391
282 392
935 393
310 394
772 395
216 396
708 397
319 398
950 399
1767 400
1074 401
166 402
629 403
204 404
651 405
260 406
823 407
213 408
688 409
159 410
1045 411
228 412
1727 413
177 414
2116 415
184 416
802 417
226 418
1661 419
212 420
752 421
231 422
666 423
260 424
630 425
477 426
895 427
256 428
515 429
176 430
619 431
202 432
483 433
151 434
495 435
133 436
573 437
184 438
511 439
123 440
413 441
163 442
423 443
168 444
715 445
186 446
478 447
235 448
510 449
292 450
584 451
245 452
397 453
271 454
506 455
228 456
423 457
107 458
523 459
160 460
406 461
147 462
585 463
182 464
496 465
239 466
417 467
163 468
517 469
129 470
435 471
122 472
404 473
156 474
415 475
143 476
401 477
198 478
495 479
152 480
424 481
222 482
462 483
128 484
340 485
106 486
361 487
144 488
472 489
171 490
425 491
171 492
337 493
141 494
590 495
118 496
335 497
203 498
536 499
545 500
368 501
149 502
346 503
126 504
403 505
170 506
709 507
753 508
1515 509
311 510
572 511
428 512
470 513
171 514
432 515
325 516
562 517
132 518
468 519
141 520
286 521
184 522
340 523
167 524
356 525
158 526
329 527
202 528
251 529
189 530
326 531
260 532
443 533
225 534
383 535
210 536
352 537
139 538
341 539
197 540
448 541
166 542
329 543
214 544
298 545
167 546
275 547
143 548
310 549
140 550
328 551
139 552
478 553
137 554
329 555
1240 556
298 557
281 558
463 559
140 560
422 561
776 562
941 563
387 564
506 565
347 566
433 567
124 568
227 569
172 570
311 571
141 572
225 573
181 574
406 575
123 576
916 577
168 578
538 579
315 580
380 581
310 582
582 583
414 584
317 585
116 586
372 587
155 588
919 589
230 590
443 591
191 592
439 593
188 594
854 595
235 596
247 597
413 598
692 599
648 600
743 601
283 602
513 603
195 604
395 605
163 606
440 607
126 608
185 609
223 610
242 611
148 612
218 613
210 614
232 615
121 616
183 617
132 618
422 619
110 620
395 621
98 622
293 623
114 624
290 625
108 626
205 627
157 628
239 629
110 630
230 631
304 632
203 633
130 634
226 635
73 636
161 637
86 638
230 639
68 640
219 641
81 642
200 643
97 644
246 645
89 646
240 647
110 648
275 649
108 650
176 651
82 652
142 653
95 654
244 655
116 656
180 657
137 658
250 659
139 660
193 661
114 662
264 663
334 664
260 665
103 666
130 667
80 668
158 669
115 670
780 671
670 672
185 673
104 674
166 675
83 676
183 677
71 678
319 679
100 680
191 681
111 682
170 683
163 684
248 685
171 686
180 687
129 688
139 689
110 690
168 691
109 692
171 693
134 694
267 695
92 696
350 697
101 698
193 699
118 700
222 701
132 702
170 703
117 704
173 705
124 706
188 707
79 708
238 709
88 710
206 711
148 712
188 713
95 714
152 715
99 716
115 717
92 718
171 719
105 720
236 721
120 722
315 723
169 724
156 725
97 726
133 727
82 728
256 729
108 730
171 731
176 732
170 733
99 734
189 735
110 736
255 737
74 738
161 739
147 740
201 741
133 742
196 743
89 744
1177 745
261 746
209 747
111 748
156 749
105 750
247 751
71 752
116 753
85 754
99 755
64 756
124 757
128 758
120 759
86 760
139 761
118 762
165 763
75 764
218 765
61 766
204 767
136 768
214 769
94 770
234 771
60 772
107 773
97 774
128 775
55 776
128 777
82 778
112 779
71 780
162 781
59 782
148 783
38 784
123 785
78 786
141 787
76 788
157 789
71 790
190 791
66 792
122 793
46 794
178 795
3347 796
115 797
86 798
222 799
56 800
148 801
279 802
120 803
120 804
117 805
67 806
90 807
61 808
157 809
54 810
183 811
140 812
107 813
66 814
121 815
76 816
89 817
54 818
124 819
76 820
152 821
101 822
115 823
45 824
143 825
177 826
127 827
28 828
70 829
40 830
83 831
43 832
115 833
64 834
149 835
107 836
111 837
471 838
159 839
56 840
113 841
46 842
85 843
81 844
216 845
72 846
91 847
76 848
93 849
77 850
146 851
35 852
163 853
84 854
150 855
46 856
171 857
45 858
155 859
36 860
136 861
42 862
190 863
38 864
179 865
48 866
105 867
78 868
152 869
91 870
121 871
114 872
543 873
1263 874
406 875
319 876
565 877
197 878
92 879
58 880
73 881
53 882
191 883
44 884
98 885
67 886
106 887
52 888
118 889
45 890
216 891
36 892
116 893
41 894
72 895
46 896
85 897
32 898
77 899
100 900
192 901
31 902
45 903
44 904
68 905
25 906
82 907
29 908
39 909
81 910
71 911
33 912
167 913
39 914
64 915
45 916
64 917
46 918
96 919
42 920
92 921
57 922
83 923
31 924
144 925
37 926
71 927
25 928
97 929
36 930
76 931
47 932
68 933
26 934
77 935
57 936
99 937
43 938
71 939
27 940
57 941
34 942
77 943
26 944
108 945
22 946
93 947
62 948
75 949
52 950
51 951
36 952
80 953
53 954
76 955
50 956
58 957
50 958
65 959
25 960
76 961
21 962
74 963
53 964
82 965
38 966
96 967
54 968
129 969
36 970
66 971
21 972
37 973
27 974
50 975
15 976
87 977
27 978
94 979
15 980
77 981
48 982
84 983
22 984
90 985
50 986
55 987
50 988
109 989
58 990
81 991
38 992
110 993
24 994
75 995
17 996
59 997
32 998
2370 999
799 1000
185 1001
43 1002
88 1003
31 1004
77 1005
61 1006
92 1007
46 1008
68 1009
32 1010
82 1011
37 1012
39 1013
59 1014
64 1015
42 1016
82 1017
5554 1018
154 1019
69 1020
153 1021
67 1022
96 1023
47 1024
102 1025
68 1026
81 1027
23 1028
70 1029
25 1030
69 1031
43 1032
69 1033
36 1034
73 1035
44 1036
70 1037
53 1038
49 1039
25 1040
76 1041
38 1042
121 1043
29 1044
109 1045
77 1046
120 1047
85 1048
63 1049
68 1050
78 1051
28 1052
41 1053
45 1054
54 1055
26 1056
50 1057
32 1058
40 1059
48 1060
55 1061
41 1062
29 1063
27 1064
53 1065
70 1066
36 1067
42 1068
44 1069
30 1070
65 1071
23 1072
74 1073
32 1074
138 1075
58 1076
134 1077
70 1078
202 1079
63 1080
138 1081
86 1082
121 1083
31 1084
169 1085
39 1086
51 1087
39 1088
84 1089
23 1090
73 1091
66 1092
96 1093
41 1094
105 1095
32 1096
73 1097
48 1098
113 1099
48 1100
94 1101
54 1102
48 1103
32 1104
69 1105
17 1106
53 1107
27 1108
38 1109
22 1110
12438 1111
34 1112
48 1113
97 1114
66 1115
40 1116
61 1117
79 1118
57 1119
34 1120
53 1121
36 1122
130 1123
25 1124
41 1125
16 1126
42 1127
147 1128
77 1129
14 1130
250 1131
45 1132
135 1133
35 1134
96 1135
331 1136
103 1137
84 1138
264 1139
61 1140
99 1141
140 1142
71 1143
16 1144
35 1145
16 1146
25 1147
527 1148
69 1149
18 1150
104 1151
12 1152
44 1153
41 1154
28 1155
35 1156
35 1157
35 1158
38 1159
20 1160
50 1161
25 1162
38 1163
29 1164
19 1165
26 1166
98 1167
29 1168
44 1169
39 1170
85 1171
85 1172
93 1173
82 1174
142 1175
23 1176
141 1177
22 1178
21 1179
114 1180
29 1181
41 1182
51 1183
13 1184
42 1185
32 1186
82 1187
337 1188
616 1189
496 1190
59 1191
70 1192
124 1193
89 1194
81 1195
50 1196
67 1197
48 1198
49 1199
69 1200
82 1201
51 1202
68 1203
36 1204
29 1205
14 1206
54 1207
29 1208
62 1209
41 1210
25 1211
31 1212
38 1213
21 1214
31 1215
26 1216
39 1217
37 1218
29 1219
35 1220
52 1221
33 1222
51 1223
32 1224
63 1225
219 1226
72 1227
47 1228
34 1229
66 1230
35 1231
51 1232
24 1233
51 1234
73 1235
40 1236
81 1237
77 1238
219 1239
1026 1240
66 1241
86 1242
139 1243
36 1244
49 1245
35 1246
62 1247
78 1248
32 1249
68 1250
51 1251
23 1252
39 1253
133 1254
46 1255
25 1256
44 1257
32 1258
37 1259
41 1260
30 1261
46 1262
35 1263
30 1264
29 1265
77 1266
18 1267
31 1268
32 1269
12 1270
43 1271
25 1272
43 1273
24 1274
23 1275
24 1276
30 1277
42 1278
28 1279
20 1280
41 1281
17 1282
33 1283
26 1284
57 1285
19 1286
74 1287
11 1288
62 1289
20 1290
38 1291
14 1292
168 1293
35 1294
64 1295
33 1296
49 1297
66 1298
60 1299
57 1300
57 1301
59 1302
42 1303
24 1304
125 1305
17 1306
50 1307
28 1308
37 1309
32 1310
77 1311
23 1312
31 1313
91 1314
23 1315
7 1316
46 1317
65 1318
39 1319
31 1320
38 1321
25 1322
69 1323
21 1324
36 1325
20 1326
34 1327
8 1328
29 1329
28 1330
28 1331
21 1332
34 1333
18 1334
22 1335
40 1336
50 1337
43 1338
13 1339
37 1340
61 1341
35 1342
44 1343
20 1344
36 1345
32 1346
32 1347
19 1348
48 1349
33 1350
22 1351
13 1352
56 1353
19 1354
35 1355
24 1356
30 1357
28 1358
39 1359
125 1360
42 1361
26 1362
37 1363
13 1364
27 1365
16 1366
37 1367
35 1368
30 1369
23 1370
57 1371
26 1372
52 1373
38 1374
38 1375
40 1376
67 1377
15 1378
26 1379
17 1380
27 1381
27 1382
21 1383
24 1384
23 1385
52 1386
22 1387
26 1388
37 1389
28 1390
29 1391
23 1392
41 1393
24 1394
54 1395
55 1396
59 1397
26 1398
33 1399
37 1400
42 1401
27 1402
39 1403
49 1404
40 1405
29 1406
81 1407
19 1408
38 1409
28 1410
32 1411
25 1412
128 1413
24 1414
80 1415
24 1416
60 1417
26 1418
79 1419
45 1420
39 1421
25 1422
39 1423
50 1424
30 1425
50 1426
24 1427
55 1428
42 1429
49 1430
42 1431
98 1432
43 1433
54 1434
28 1435
18 1436
29 1437
51 1438
84 1439
67 1440
17 1441
47 1442
46 1443
88 1444
29 1445
40 1446
30 1447
47 1448
117 1449
29 1450
49 1451
22 1452
36 1453
58 1454
117 1455
36 1456
46 1457
66 1458
69 1459
58 1460
48 1461
53 1462
46 1463
77 1464
45 1465
28 1466
36 1467
41 1468
38 1469
83 1470
34 1471
38 1472
24 1473
22 1474
34 1475
107 1476
52 1477
50 1478
22 1479
12 1480
20 1481
35 1482
23 1483
29 1484
33 1485
40 1486
10 1487
17 1488
17 1489
25 1490
45 1491
68 1492
35 1493
65 1494
38 1495
127 1496
32 1497
72 1498
65 1499
187 1500
57 1501
53 1502
57 1503
97 1504
57 1505
33 1506
29 1507
24 1508
32 1509
24 1510
17 1511
16 1512
21 1513
19 1514
20 1515
8 1516
21 1517
53 1518
51 1519
19 1520
19 1521
13 1522
20 1523
18 1524
18 1525
18 1526
71 1527
30 1528
83 1529
17 1530
12 1531
9 1532
15 1533
102 1534
29 1535
5 1536
19 1537
104 1538
18 1539
13 1540
16 1541
54 1542
18 1543
16 1544
18 1545
8 1546
24 1547
21 1548
15 1549
25 1550
17 1551
10 1552
17 1553
48 1554
53 1555
8 1556
20 1557
34 1558
19 1559
5 1560
11 1561
11 1562
31 1563
20 1564
41 1565
57 1566
24 1567
12 1568
11 1569
58 1570
30 1571
10 1572
21 1573
25 1574
21 1575
18 1576
30 1577
24 1578
18 1579
21 1580
25 1581
24 1582
37 1583
26 1584
15 1585
41 1586
40 1587
32 1588
37 1589
37 1590
25 1591
53 1592
11 1593
70 1594
59 1595
45 1596
25 1597
29 1598
34 1599
40 1600
28 1601
39 1602
38 1603
49 1604
60 1605
20 1606
21 1607
47 1608
25 1609
28 1610
28 1611
19 1612
18 1613
31 1614
24 1615
20 1616
9 1617
50 1618
33 1619
20 1620
13 1621
19 1622
15 1623
35 1624
46 1625
17 1626
23 1627
32 1628
18 1629
54 1630
39 1631
73 1632
33 1633
5 1634
24 1635
32 1636
18 1637
30 1638
19 1639
10 1640
34 1641
109 1642
76 1643
92 1644
108 1645
113 1646
44 1647
24 1648
8 1649
41 1650
23 1651
13 1652
13 1653
35 1654
23 1655
9 1656
30 1657
15 1658
22 1659
14 1660
34 1661
13 1662
16 1663
56 1664
26 1665
48 1666
19 1667
14 1668
27 1669
19 1670
14 1671
23 1672
36 1673
13 1674
36 1675
25 1676
19 1677
47 1678
41 1679
7 1680
22 1681
36 1682
21 1683
27 1684
20 1685
9 1686
17 1687
11 1688
18 1689
15 1690
10 1691
6 1692
12 1693
21 1694
14 1695
13 1696
14 1697
12 1698
7 1699
10 1700
14 1701
7 1702
20 1703
4 1704
10 1705
29 1706
20 1707
19 1708
11 1709
31 1710
4 1711
20 1712
14 1713
28 1714
18 1715
30 1716
20 1717
13 1718
26 1719
28 1720
32 1721
33 1722
28 1723
21 1724
32 1725
17 1726
28 1727
5 1728
29 1729
13 1730
11 1731
4 1732
43 1733
12 1734
16 1735
9 1736
70 1737
3 1738
15 1739
10 1740
80 1741
6 1742
98 1743
9 1744
22 1745
6 1746
16 1747
51 1748
26 1749
7 1750
14 1751
2 1752
27 1753
2 1754
16 1755
23 1756
84 1757
4 1758
33 1759
27 1760
20 1761
22 1762
9 1763
3 1764
17 1765
3 1766
8 1767
73 1768
7 1769
6 1770
15 1771
19 1772
14 1773
15 1774
12 1775
3 1776
6 1777
52 1778
9 1779
5 1780
6 1781
22 1782
51 1783
5 1784
15 1785
9 1786
16 1787
11 1788
9 1789
15 1790
20 1791
10 1792
4 1793
5 1794
16 1795
5 1796
3 1797
2 1798
9 1799
208 1800
38 1801
8 1802
9 1803
7 1804
2 1805
7 1806
21 1807
16 1808
30 1809
6 1810
14 1811
21 1812
19 1813
13 1814
17 1815
8 1816
10 1817
7 1818
15 1819
10 1820
30 1821
15 1822
29 1823
23 1824
20 1825
8 1826
25 1827
6 1828
13 1829
7 1830
43 1831
10 1832
20 1833
19 1834
16 1835
3 1836
14 1837
12 1838
17 1839
15 1840
14 1841
7 1842
14 1843
10 1844
29 1845
10 1846
9 1847
17 1848
16 1849
22 1850
10 1851
10 1852
12 1853
11 1854
14 1855
9 1856
12 1857
5 1858
19 1859
11 1860
9 1861
15 1862
14 1863
15 1864
11 1865
9 1866
23 1867
11 1868
16 1869
7 1870
8 1871
13 1872
13 1873
5 1874
22 1875
7 1876
31 1877
10 1878
43 1879
19 1880
28 1881
33 1882
24 1883
11 1884
19 1885
12 1886
11 1887
5 1888
15 1889
8 1890
9 1891
29 1892
18 1893
15 1894
26 1895
15 1896
39 1897
19 1898
19 1899
14 1900
22 1901
19 1902
23 1903
15 1904
19 1905
57 1906
12 1907
20 1908
11 1909
10 1910
14 1911
16 1912
18 1913
16 1914
9 1915
7 1916
15 1917
15 1918
13 1919
16 1920
17 1921
26 1922
8 1923
33 1924
12 1925
24 1926
18 1927
42 1928
15 1929
14 1930
11 1931
8 1932
15 1933
8 1934
28 1935
16 1936
15 1937
8 1938
20 1939
12 1940
25 1941
11 1942
10 1943
11 1944
12 1945
22 1946
37 1947
25 1948
22 1949
11 1950
22 1951
1 1952
14 1953
9 1954
27 1955
4 1956
15 1957
8 1958
151 1959
20 1960
19 1961
24 1962
6 1963
17 1964
15 1965
8 1966
20 1967
4 1968
7 1969
2 1970
8 1971
11 1972
14 1973
9 1974
26 1975
7 1976
19 1977
3 1978
9 1979
5 1980
11 1981
13 1982
4 1983
8 1984
10 1985
13 1986
7 1987
2 1988
5 1989
8 1990
9 1991
4 1992
9 1993
10 1994
12 1995
11 1996
5 1997
30 1998
223 1999
210 2000
10 2001
13 2002
8 2003
7 2004
7 2005
23 2006
15 2007
8 2008
9 2009
6 2010
14 2011
10 2012
7 2013
16 2014
9 2015
22 2016
10 2017
19 2018
14 2019
5 2020
13 2021
7 2022
10 2023
8 2024
9 2025
9 2026
7 2027
5 2028
10 2029
10 2030
63 2031
17 2032
12 2033
13 2034
17 2035
16 2036
11 2037
8 2038
11 2039
9 2040
12 2041
5 2042
15 2043
33 2044
10 2045
7 2046
12 2047
40 2048
24 2049
9 2050
9 2051
8 2052
34 2053
21 2054
56 2055
8 2056
12 2057
8 2058
8 2059
10 2060
9 2061
9 2062
16 2063
12 2064
10 2065
9 2066
9 2067
30 2068
11 2069
10 2070
10 2071
8 2072
9 2073
13 2074
13 2075
14 2076
28 2077
14 2078
65 2079
9 2080
7 2081
9 2082
15 2083
35 2084
11 2085
10 2086
6 2087
6 2088
8 2089
11 2090
13 2091
10 2092
18 2093
8 2094
28 2095
10 2096
13 2097
5 2098
13 2099
22 2100
33 2101
11 2102
59 2103
5 2104
7 2105
10 2106
13 2107
7 2108
17 2109
6 2110
8 2111
24 2112
28 2113
9 2114
46 2115
8 2116
9 2117
16 2118
18 2119
5 2120
9 2121
28 2122
12 2123
5 2124
26 2125
7 2126
52 2127
10 2128
24 2129
22 2130
19 2131
7 2132
31 2133
19 2134
15 2135
5 2136
19 2137
11 2138
20 2139
6 2140
11 2141
4 2142
9 2143
9 2144
7 2145
9 2146
9 2147
7 2148
20 2149
11 2150
45 2151
19 2152
27 2153
22 2154
12 2155
10 2156
24 2157
16 2158
19 2159
11 2160
19 2161
21 2162
29 2163
6 2164
7 2165
43 2166
5 2167
1 2168
4 2169
6 2170
12 2171
13 2172
18 2173
5 2174
15 2175
9 2176
7 2177
4 2178
6 2179
8 2180
3 2181
7 2182
10 2183
3 2184
4 2185
7 2186
5 2187
6 2188
12 2189
20 2190
5 2191
6 2192
2 2193
5 2194
8 2195
4 2196
5 2197
14 2198
6 2199
20 2200
9 2201
5 2202
13 2203
12 2204
11 2205
6 2206
7 2207
16 2208
5 2209
17 2210
4 2211
4 2212
9 2213
13 2214
6 2215
5 2216
7 2217
7 2218
5 2219
8 2220
3 2221
62 2222
15 2223
4 2224
5 2225
4 2226
8 2227
8 2228
5 2229
7 2230
5 2231
5 2232
4 2233
5 2234
10 2235
12 2236
8 2237
7 2238
6 2239
5 2240
18 2241
3 2242
2 2243
11 2244
1 2245
7 2246
9 2247
9 2248
2 2249
3 2250
2 2251
2 2252
7 2253
2 2254
8 2255
9 2256
11 2257
5 2258
8 2259
6 2260
6 2261
6 2262
1 2263
13 2264
11 2265
4 2266
5 2267
9 2268
15 2269
5 2270
1 2271
5 2272
8 2273
8 2274
1 2275
29 2276
17 2277
9 2278
7 2279
8 2280
6 2281
7 2282
7 2283
3 2284
3 2285
5 2286
6 2287
13 2288
7 2289
4 2290
8 2291
7 2292
21 2293
6 2294
1 2295
7 2296
5 2297
5 2298
4 2299
3 2300
4 2301
9 2302
4 2303
5 2304
2 2305
6 2306
4 2307
7 2308
10 2309
10 2310
4 2311
13 2312
3 2313
10 2314
6 2315
12 2316
22 2317
9 2318
12 2319
6 2320
12 2321
18 2322
6 2323
8 2324
3 2325
10 2326
6 2327
3 2328
7 2329
7 2330
5 2331
5 2332
1 2333
11 2334
9 2335
4 2336
7 2337
6 2338
7 2339
16 2340
16 2341
7 2342
3 2343
16 2344
3 2345
12 2346
6 2347
4 2348
2 2349
14 2350
4 2351
11 2352
7 2353
22 2354
6 2355
5 2356
4 2357
9 2358
16 2359
12 2360
5 2361
5 2362
9 2363
5 2364
6 2365
8 2366
10 2367
6 2368
14 2369
6 2370
4 2371
4 2372
6 2373
7 2374
8 2375
3 2376
3 2377
9 2378
2 2379
12 2380
6 2381
3 2382
8 2383
10 2384
4 2385
13 2386
21 2387
12 2388
9 2389
4 2390
10 2391
8 2392
8 2393
5 2394
8 2395
2 2396
12 2397
7 2398
9 2399
9 2400
5 2401
10 2402
4 2403
27 2404
7 2405
9 2406
17 2407
3 2408
7 2409
12 2410
7 2411
4 2412
5 2413
3 2414
8 2415
9 2416
8 2417
6 2418
13 2419
7 2420
5 2421
8 2422
6 2423
6 2424
6 2425
3 2426
3 2427
5 2428
11 2429
2 2430
1 2431
4 2432
10 2433
7 2434
18 2435
5 2436
5 2437
8 2438
8 2439
8 2440
7 2441
4 2442
22 2443
12 2444
7 2445
4 2446
5 2447
4 2448
5 2449
2 2450
2 2451
12 2452
7 2453
2 2454
2 2455
4 2456
13 2457
3 2458
15 2459
3 2460
2 2461
2 2462
7 2463
6 2464
1 2465
3 2466
14 2467
3 2468
6 2469
4 2470
6 2471
4 2472
28 2473
5 2474
6 2475
4 2476
10 2477
19 2478
4 2479
23 2480
5 2481
2 2482
5 2483
6 2484
18 2485
2 2486
6 2487
2 2488
2 2489
4 2490
2 2491
4 2492
9 2493
8 2494
6 2495
13 2496
5 2497
5 2498
6 2499
10 2500
10 2501
6 2502
19 2503
4 2504
22 2505
6 2506
13 2507
7 2508
5 2509
11 2510
16 2511
5 2512
8 2513
4 2514
8 2515
3 2516
6 2517
4 2518
10 2519
7 2520
4 2521
3 2522
14 2523
14 2524
10 2525
5 2526
7 2527
12 2528
15 2529
5 2530
5 2531
5 2532
5 2533
3 2534
10 2535
3 2536
5 2537
4 2538
7 2539
8 2540
9 2541
10 2542
8 2543
5 2544
8 2545
8 2546
16 2547
4 2548
11 2549
1 2550
4 2551
4 2552
8 2553
5 2554
8 2555
10 2556
8 2557
2 2558
16 2559
4 2560
10 2561
4 2562
6 2563
11 2564
20 2565
5 2566
7 2567
5 2568
10 2569
5 2570
12 2571
8 2572
14 2573
14 2574
11 2575
2 2576
10 2577
8 2578
3 2579
13 2580
3 2581
6 2582
13 2583
3 2584
11 2585
3 2586
9 2587
7 2588
32 2589
7 2590
9 2591
3 2592
15 2593
7 2594
12 2595
7 2596
7 2597
8 2598
60 2599
10 2600
9 2601
6 2602
8 2603
11 2604
12 2605
4 2606
12 2607
17 2608
45 2609
4 2610
13 2611
4 2612
25 2613
5 2614
7 2615
2 2616
13 2617
6 2618
8 2619
1 2620
7 2621
6 2622
7 2623
2 2624
4 2625
12 2626
23 2627
2 2628
9 2629
4 2630
11 2631
6 2632
11 2633
5 2634
7 2635
3 2636
4 2637
12 2638
6 2639
7 2640
15 2641
9 2642
10 2643
9 2644
12 2645
13 2646
9 2647
11 2648
16 2649
6 2650
13 2651
4 2652
4 2653
9 2654
2 2655
30 2656
5 2657
3 2658
2 2659
9 2660
10 2661
2 2662
1 2663
4 2664
5 2665
10 2666
14 2667
5 2668
38 2669
18 2670
3 2671
11 2672
3 2673
1 2674
1 2675
8 2676
2 2677
7 2678
6 2679
8 2680
4 2681
3 2682
2 2683
7 2684
5 2685
4 2686
4 2687
4 2688
3 2689
9 2690
3 2691
4 2692
6 2693
6 2694
8 2695
11 2696
3 2697
5 2698
5 2699
4 2700
8 2701
2 2702
2 2703
3 2704
3 2705
2 2706
2 2707
8 2708
5 2709
17 2710
3 2711
21 2712
6 2713
8 2714
4 2715
11 2716
7 2717
14 2718
7 2719
20 2720
15 2721
2 2722
3 2723
6 2724
4 2725
3 2726
8 2727
9 2728
13 2729
1 2730
5 2731
12 2732
17 2733
4 2734
7 2735
7 2736
11 2737
22 2738
10 2739
13 2740
20 2741
7 2742
3 2743
7 2744
37 2745
3 2746
11 2747
5 2748
10 2749
9 2750
5 2751
5 2752
10 2753
6 2754
9 2755
8 2756
11 2757
7 2758
8 2759
6 2760
6 2761
6 2762
8 2763
6 2764
13 2765
2 2766
12 2767
7 2768
6 2769
2 2770
15 2771
3 2772
6 2773
4 2774
8 2775
1 2776
5 2777
1 2778
8 2779
4 2780
1 2781
6 2782
2 2783
4 2784
4 2785
3 2786
1 2787
1 2788
6 2789
2 2790
2 2791
3 2792
8 2793
4 2794
5 2795
3 2796
3 2797
3 2798
24 2799
9 2800
9 2801
5 2802
4 2803
3 2804
25 2805
3 2806
6 2807
2 2808
4 2809
2 2810
7 2811
5 2812
3 2813
1 2814
1 2815
18 2816
10 2817
10 2818
2 2819
4 2820
5 2821
2 2822
4 2823
4 2824
3 2825
1 2826
6 2827
5 2828
3 2829
3 2830
6 2831
2 2834
25 2835
2 2836
3 2837
1 2839
6 2840
2 2841
32 2842
3 2843
3 2844
5 2845
2 2846
1 2847
4 2848
3 2849
3 2850
3 2851
2 2852
5 2853
5 2854
3 2855
3 2856
2 2858
1 2860
2 2862
6 2863
6 2864
7 2865
1 2866
2 2867
3 2869
5 2870
7 2871
14 2874
1 2875
4 2876
4 2877
2 2878
1 2879
4 2880
4 2881
1 2882
1 2883
2 2884
4 2885
1 2886
5 2887
1 2888
7 2889
4 2890
5 2891
1 2892
2 2893
6 2894
10 2895
5 2896
7 2897
3 2898
5 2899
3 2900
3 2901
2 2904
3 2905
4 2906
13 2907
4 2908
3 2909
30 2910
3 2911
1 2912
6 2913
1 2914
4 2916
5 2917
1 2918
4 2919
4 2920
1 2921
10 2922
5 2923
2 2924
6 2925
3 2926
1 2927
5 2928
4 2929
7 2930
4 2931
2 2932
2 2933
5 2934
4 2935
6 2936
8 2937
10 2938
3 2939
6 2940
6 2941
3 2942
1 2943
6 2945
4 2946
2 2947
1 2948
1 2949
1 2950
3 2951
13 2952
5 2953
3 2954
5 2955
4 2956
4 2957
3 2958
7 2959
2 2960
1 2961
4 2962
3 2963
1 2964
3 2965
5 2966
7 2967
5 2969
3 2970
2 2971
4 2972
5 2973
25 2975
4 2976
2 2977
3 2978
3 2979
1 2980
4 2981
3 2982
4 2983
29 2985
12 2986
3 2987
5 2988
4 2989
7 2990
8 2991
5 2992
3 2993
6 2994
4 2995
1 2996
22 2997
1 2998
83 3000
78 3001
1 3002
5 3003
5 3004
1 3005
5 3006
1 3007
34 3009
5 3010
2 3011
2 3012
4 3013
2 3014
2 3015
23 3016
1 3017
5 3018
4 3019
4 3020
19 3021
2 3022
4 3023
1 3024
2 3026
3 3027
4 3028
3 3029
20 3030
1 3031
2 3032
1 3033
5 3034
2 3035
3 3036
2 3037
1 3038
2 3039
2 3040
4 3041
1 3042
4 3043
1 3044
6 3045
21 3046
3 3047
1 3048
2 3049
5 3051
1 3052
2 3053
7 3054
1 3055
3 3057
2 3058
7 3059
1 3060
6 3061
6 3062
1 3063
1 3064
4 3065
4 3066
3 3067
9 3068
12 3069
3 3070
4 3071
5 3072
2 3073
4 3074
4 3075
2 3076
6 3077
2 3078
3 3079
14 3080
5 3081
3 3082
29 3083
3 3084
2 3085
1 3086
1 3088
1 3089
1 3090
1 3092
5 3093
3 3094
4 3095
4 3096
11 3097
4 3098
4 3099
1 3100
24 3101
5 3102
1 3103
3 3104
2 3105
2 3106
1 3108
1 3109
2 3110
1 3111
2 3112
3 3113
4 3114
8 3115
5 3117
2 3118
6 3119
2 3120
17 3121
2 3122
3 3123
2 3124
2 3125
5 3126
1 3127
5 3128
2 3129
3 3130
3 3131
5 3132
12 3133
3 3134
2 3135
3 3136
4 3137
36 3138
4 3139
5 3140
8 3141
3 3142
7 3143
3 3145
3 3146
1 3147
1 3149
5 3150
2 3151
1 3152
2 3153
5 3154
5 3155
4 3156
3 3157
23 3158
5 3159
3 3163
2 3164
1 3165
1 3166
4 3167
1 3168
1 3169
3 3170
4 3171
2 3172
1 3174
5 3175
4 3176
1 3177
1 3178
1 3179
6 3180
21 3181
3 3183
2 3185
83 3186
2 3187
4 3188
11 3189
4 3191
1 3193
3 3195
7 3196
8 3197
8 3198
3 3199
3 3200
3 3201
1 3202
3 3203
12 3204
20 3205
2 3206
3 3207
1 3209
1 3210
3 3211
1 3213
1 3214
2 3215
10 3216
11 3217
2 3218
5 3219
4 3220
8 3221
1 3222
5 3223
1 3224
6 3225
2 3226
11 3227
15 3228
3 3229
2 3230
2 3231
7 3234
1 3235
1 3236
2 3237
5 3239
1 3240
1 3241
2 3243
1 3244
5 3245
32 3246
7 3247
1 3248
2 3249
3 3250
3 3251
2 3252
2 3253
4 3254
4 3255
2 3256
2 3257
1 3258
1 3259
2 3260
2 3261
4 3262
2 3263
3 3264
1 3265
3 3266
2 3267
3 3268
1 3269
2 3270
13 3272
20 3273
20 3274
5 3275
3 3276
4 3277
3 3278
7 3279
3 3280
10 3281
2 3282
1 3283
1 3284
16 3285
7 3286
4 3287
3 3288
3 3289
1 3290
6 3291
2 3292
3 3294
7 3295
2 3296
4 3297
1 3298
1 3299
11 3300
3 3301
1 3303
2 3304
7 3305
4 3306
2 3307
1 3308
2 3309
1 3310
4 3311
2 3312
1 3314
7 3315
2 3316
1 3317
3 3318
3 3319
1 3321
2 3322
2 3323
4 3324
13 3325
2 3326
8 3327
2 3328
3 3329
14 3330
15 3332
25 3333
1 3334
4 3335
9 3336
2 3337
2 3338
8 3339
3 3342
1 3344
7 3345
3 3346
1 3347
10 3349
2 3350
1 3352
15 3353
8 3354
4 3355
10 3356
10 3357
9 3358
2 3359
1 3360
1 3361
1 3362
7 3363
7 3364
15 3365
17 3366
31 3367
2 3369
3 3370
3 3371
4 3372
14 3373
1 3374
1 3375
2 3376
2 3377
5 3378
1 3379
2 3380
1 3381
1 3384
8 3385
2 3386
29 3387
2 3388
8 3390
3 3391
1 3392
2 3393
2 3394
2 3395
5 3396
1 3397
11 3398
1 3399
2 3401
15 3402
4 3403
7 3404
11 3405
7 3407
1 3408
6 3409
1 3410
1 3411
12 3412
1 3413
3 3414
1 3415
3 3416
13 3417
2 3419
3 3420
2 3421
2 3422
14 3423
2 3424
13 3425
1 3426
5 3427
2 3428
2 3429
3 3430
5 3431
4 3433
11 3435
2 3437
39 3438
7 3439
2 3440
10 3441
3 3442
2 3443
19 3444
35 3445
2 3446
3 3447
22 3448
4 3449
21 3450
1 3451
10 3452
2 3453
2 3455
12 3456
1 3457
1 3458
23 3459
1 3460
1 3461
1 3462
1 3463
4 3465
3 3467
1 3468
2 3469
2 3470
2 3471
21 3472
3 3473
2 3474
1 3475
1 3476
24 3477
6 3479
37 3480
7 3481
22 3482
3 3483
38 3484
7 3485
2 3486
40 3487
22 3488
48 3489
23 3490
16 3491
18 3492
20 3493
42 3494
27 3495
37 3496
70 3497
37 3498
8 3499
1 3500
5 3501
21 3502
6 3503
19 3504
2 3505
16 3506
19 3507
34 3508
8 3509
3 3510
2 3511
18 3512
7 3513
22 3514
24 3515
6 3517
1 3519
20 3520
49 3521
4 3522
23 3523
3 3524
2 3525
18 3526
24 3527
22 3528
25 3529
31 3530
5 3531
1 3532
1 3534
1 3535
1 3536
23 3537
1 3538
2 3539
30 3540
1 3542
1 3543
54 3544
23 3545
17 3546
24 3548
1 3549
1 3550
1 3551
10 3554
11 3555
5 3557
10 3558
10 3559
16 3560
2 3562
2 3564
25 3565
1 3567
2 3568
2 3571
77 3572
2 3574
2 3576
2 3577
1 3578
1 3579
1 3580
1 3583
22 3584
4 3585
2 3586
1 3588
2 3589
21 3590
4 3591
5 3592
2 3594
19 3599
19 3600
26 3602
5 3603
3 3604
1 3605
20 3606
4 3607
4 3608
1 3609
1 3611
2 3613
1 3614
3 3615
1 3616
1 3617
1 3619
2 3620
20 3622
4 3623
2 3624
2 3625
1 3627
5 3628
4 3629
1 3630
25 3631
3 3632
3 3633
1 3634
3 3636
2 3637
1 3639
2 3640
26 3641
1 3642
3 3643
3 3645
1 3647
1 3648
2 3651
2 3654
1 3656
1 3658
2 3660
4 3662
2 3663
2 3664
9 3666
1 3667
1 3669
5 3670
5 3671
1 3672
3 3675
2 3676
1 3678
2 3679
1 3680
1 3681
8 3682
2 3683
2 3685
1 3689
3 3690
1 3691
2 3693
1 3694
1 3697
3 3700
2 3701
1 3702
2 3706
7 3708
2 3709
4 3711
1 3712
1 3713
4 3717
2 3718
2 3720
1 3721
4 3727
1 3729
2 3731
1 3733
1 3734
4 3736
2 3739
2 3740
79 3741
1 3742
4 3743
2 3744
1 3745
1 3746
1 3747
1 3751
6 3752
4 3754
1 3755
3 3756
1 3758
1 3759
1 3760
1 3761
1 3763
1 3766
4 3767
1 3770
1 3775
1 3776
1 3778
2 3779
1 3782
2 3783
2 3784
1 3785
1 3786
1 3787
1 3789
3 3791
3 3792
2 3795
1 3797
2 3798
4 3800
2 3801
3 3803
2 3804
2 3807
3 3811
1 3814
1 3815
3 3818
9 3819
2 3820
3 3821
1 3823
2 3825
1 3828
2 3829
1 3831
1 3834
1 3837
1 3838
17 3840
2 3841
1 3842
3 3843
2 3845
2 3846
1 3848
1 3849
2 3850
1 3851
6 3852
4 3854
3 3855
6 3856
1 3857
2 3861
1 3865
1 3866
1 3868
1 3869
3 3871
1 3872
2 3873
2 3874
2 3879
3 3884
2 3887
1 3891
1 3892
1 3893
1 3894
1 3895
1 3896
1 3899
78 3901
1 3902
1 3906
2 3907
2 3911
1 3913
3 3915
3 3916
1 3917
1 3919
1 3920
3 3921
1 3922
1 3925
3 3928
2 3929
6 3930
3 3931
2 3933
2 3934
1 3935
2 3936
3 3937
1 3938
3 3939
3 3940
4 3941
5 3942
4 3943
2 3944
3 3946
3 3947
4 3948
1 3949
2 3951
4 3952
3 3953
1 3954
2 3956
1 3958
5 3960
1 3962
1 3964
5 3965
2 3968
2 3969
1 3970
6 3972
1 3974
2 3977
1 3978
1 3979
13 3980
1 3981
4 3982
5 3983
3 3985
1 3986
1 3987
2 3989
1 3991
1 3992
2 3995
7 3998
5 3999
6 4000
1 4001
2 4003
6 4004
2 4005
2 4006
1 4008
3 4010
1 4012
8 4013
1 4016
1 4018
2 4020
4 4023
7 4025
1 4026
1 4028
1 4029
3 4030
2 4031
1 4032
1 4033
4 4035
3 4038
2 4039
1 4041
1 4045
6 4047
2 4048
1 4049
1 4050
2 4051
4 4053
4 4055
2 4057
6 4059
1 4060
1 4062
2 4063
1 4064
1 4066
1 4067
4 4069
1 4072
18 4073
2 4075
1 4080
1 4081
1 4083
1 4085
1 4087
2 4089
1 4091
1 4092
17 4096
2 4102
1 4103
1 4106
2 4107
1 4108
1 4115
1 4119
1 4120
2 4123
2 4125
1 4127
1 4130
3 4138
2 4139
4 4140
3 4141
5 4142
3 4143
3 4145
4 4148
1 4151
1 4153
8 4155
1 4156
1 4157
1 4159
2 4163
2 4165
2 4168
3 4169
2 4170
1 4171
10 4173
1 4174
3 4175
2 4177
5 4179
2 4180
2 4181
2 4183
1 4187
1 4189
1 4190
4 4192
1 4194
1 4195
2 4198
1 4199
1 4200
1 4201
1 4203
2 4207
1 4208
1 4209
5 4211
3 4213
2 4214
3 4215
4 4217
3 4219
3 4220
2 4221
3 4226
2 4232
2 4235
1 4236
1 4237
2 4240
1 4246
3 4247
1 4250
1 4251
2 4254
1 4255
2 4256
1 4257
1 4258
1 4259
3 4260
3 4262
74 4263
1 4264
1 4265
1 4266
4 4268
16 4269
2 4273
1 4274
1 4276
4 4278
1 4280
2 4281
4 4286
2 4289
2 4290
3 4293
1 4294
5 4295
3 4296
1 4297
2 4298
1 4299
1 4301
1 4302
4 4306
1 4307
4 4308
1 4312
2 4314
3 4315
4 4317
6 4318
5 4319
5 4320
9 4321
7 4322
7 4323
5 4324
9 4325
9 4326
4 4327
3 4328
3 4329
6 4330
5 4331
6 4332
7 4333
9 4334
6 4335
5 4336
5 4337
5 4338
7 4339
4 4340
5 4341
11 4342
5 4344
1 4345
1 4346
1 4347
1 4350
1 4351
2 4353
1 4354
1 4355
4 4357
1 4358
1 4361
3 4363
2 4367
1 4368
2 4369
1 4370
4 4371
5 4373
1 4376
1 4377
2 4378
1 4379
1 4382
2 4383
5 4384
7 4385
1 4389
1 4396
1 4399
2 4400
3 4402
1 4403
4 4405
1 4407
4 4408
1 4409
1 4410
1 4411
1 4415
1 4416
1 4417
10 4420
1 4421
1 4424
1 4427
5 4428
1 4429
2 4430
1 4431
1 4433
1 4435
3 4436
1 4438
1 4439
84 4444
1 4445
1 4447
3 4453
1 4456
1 4458
6 4460
3 4461
1 4464
1 4465
69 4466
1 4468
2 4469
1 4470
1 4473
2 4475
1 4476
1 4477
7 4478
6 4479
1 4480
1 4481
1 4482
2 4483
5 4485
1 4486
2 4488
1 4491
16 4492
5 4495
10 4498
2 4507
1 4508
1 4514
3 4515
1 4516
5 4519
4 4520
5 4521
1 4522
1 4523
2 4525
2 4526
4 4527
1 4529
1 4531
3 4532
4 4533
1 4538
5 4539
2 4540
6 4543
2 4544
1 4545
1 4546
4 4547
8 4548
1 4550
4 4551
1 4552
4 4553
1 4554
3 4556
2 4557
2 4559
2 4560
1 4561
1 4564
3 4565
2 4568
4 4570
2 4574
1 4577
1 4581
1 4582
4 4585
3 4592
2 4595
4 4600
1 4601
2 4602
1 4605
43 4608
16 4609
28 4610
55 4611
43 4612
10 4613
3 4614
12 4616
2 4617
29 4618
17 4619
44 4620
15 4621
2 4622
1 4625
60 4627
1 4631
1 4634
2 4635
1 4636
2 4637
4 4638
1 4639
2 4642
3 4645
3 4646
6 4647
2 4649
5 4650
2 4651
1 4652
2 4653
2 4654
2 4655
4 4656
3 4657
1 4658
2 4660
1 4661
1 4663
1 4664
3 4666
1 4667
3 4668
3 4669
1 4670
3 4675
1 4677
2 4678
1 4686
3 4692
3 4697
1 4698
1 4702
1 4704
1 4705
1 4707
1 4711
1 4712
1 4714
1 4717
1 4719
2 4721
1 4723
1 4725
1 4727
1 4728
2 4734
1 4745
1 4753
1 4757
1 4759
1 4768
2 4769
3 4771
1 4775
1 4778
2 4779
5 4787
5 4789
1 4790
1 4795
7 4800
3 4801
1 4802
1 4803
14 4804
1 4808
1 4809
1 4815
1 4820
1 4821
2 4823
3 4825
23 4827
2 4829
2 4833
2 4836
1 4842
4 4843
1 4847
3 4852
5 4853
1 4854
3 4855
2 4856
2 4857
1 4859
1 4863
1 4864
2 4865
2 4868
1 4869
1 4872
1 4873
4 4875
1 4876
2 4878
1 4879
14 4881
1 4883
1 4885
1 4887
1 4889
1 4890
2 4891
1 4894
1 4895
1 4896
1 4899
2 4900
1 4901
3 4902
1 4905
3 4907
1 4908
1 4911
1 4915
1 4916
16 4918
3 4919
1 4921
2 4922
2 4929
1 4930
2 4932
24 4933
4 4934
2 4935
3 4938
1 4939
4 4940
2 4941
2 4942
1 4948
1 4950
1 4956
1 4957
1 4958
13 4959
3 4960
1 4961
1 4962
1 4963
2 4964
1 4967
1 4969
1 4974
1 4975
1 4980
1 4981
3 4986
1 4987
1 4990
3 4992
1 5000
7 5006
2 5008
4 5009
1 5010
3 5011
5 5013
2 5014
1 5018
1 5019
1 5020
2 5021
1 5022
1 5025
1 5027
1 5028
1 5031
6 5032
1 5037
1 5047
1 5056
1 5059
1 5062
1 5069
1 5073
1 5074
1 5079
2 5081
1 5082
3 5088
7 5091
1 5092
1 5097
1 5098
2 5104
2 5106
1 5115
1 5117
1 5118
1 5120
1 5125
1 5126
1 5127
1 5129
1 5133
1 5136
2 5137
1 5141
3 5142
1 5143
2 5145
2 5146
2 5150
2 5151
1 5152
1 5153
1 5154
2 5156
2 5157
1 5158
1 5159
1 5160
1 5161
1 5162
1 5165
1 5166
2 5168
1 5169
1 5172
1 5174
2 5180
4 5184
1 5185
1 5186
1 5188
3 5191
5 5192
2 5194
3 5196
1 5201
2 5204
2 5207
1 5213
4 5214
1 5216
5 5219
1 5220
3 5223
1 5224
1 5225
4 5227
1 5228
1 5229
4 5233
2 5234
7 5235
2 5236
1 5238
2 5240
1 5247
1 5249
1 5250
1 5253
4 5254
3 5255
2 5257
3 5258
1 5262
1 5263
2 5264
1 5270
1 5277
1 5280
1 5282
1 5283
1 5285
4 5286
1 5287
1 5289
4 5290
1 5291
2 5293
2 5294
1 5299
1 5300
3 5303
2 5304
2 5305
1 5306
1 5307
2 5309
1 5312
4 5313
2 5314
1 5315
1 5316
1 5317
1 5320
1 5324
7 5326
6 5328
1 5330
1 5332
1 5335
1 5338
1 5339
1 5340
3 5343
6 5344
2 5348
1 5351
2 5354
1 5355
7 5360
1 5363
1 5367
1 5368
7 5375
8 5376
1 5379
1 5383
7 5385
1 5388
2 5389
1 5390
1 5392
1 5394
1 5396
2 5397
1 5399
6 5403
2 5405
1 5408
1 5410
1 5413
1 5417
1 5418
5 5419
1 5422
1 5425
1 5426
1 5432
2 5433
2 5435
2 5443
1 5449
14 5452
1 5453
1 5456
1 5457
1 5458
1 5463
3 5468
3 5471
4 5472
1 5473
10 5474
5 5477
10 5480
1 5481
1 5482
2 5484
1 5485
12 5486
1 5487
1 5488
10 5490
1 5491
1 5492
1 5493
7 5494
10 5496
1 5498
1 5499
4 5502
1 5510
1 5512
1 5514
1 5515
6 5517
1 5520
1 5521
3 5522
2 5524
1 5526
1 5529
2 5532
1 5534
1 5536
2 5537
1 5541
2 5548
1 5550
1 5551
2 5552
31 5555
1 5556
1 5558
1 5559
1 5560
1 5561
1 5562
2 5564
7 5572
2 5576
1 5579
2 5586
1 5587
1 5593
2 5597
65 5598
4 5600
1 5601
2 5602
1 5606
1 5613
1 5617
3 5620
1 5621
2 5624
2 5625
2 5626
4 5627
1 5630
1 5632
1 5633
2 5635
5 5640
1 5642
3 5643
2 5644
2 5645
1 5650
1 5652
2 5653
1 5657
4 5658
2 5660
4 5661
1 5662
5 5663
4 5665
2 5666
3 5669
5 5677
1 5679
2 5680
1 5682
1 5688
1 5696
1 5698
4 5700
1 5701
4 5707
3 5710
3 5712
1 5713
1 5714
2 5718
3 5719
2 5724
3 5726
2 5728
4 5730
1 5731
3 5738
1 5739
1 5740
1 5741
1 5754
2 5755
2 5759
1 5762
1 5769
1 5770
6 5782
1 5787
3 5791
1 5792
1 5793
2 5795
1 5801
1 5803
1 5804
13 5805
1 5806
6 5810
2 5813
1 5815
2 5821
1 5823
1 5827
1 5830
1 5831
1 5832
1 5834
1 5849
1 5850
1 5851
1 5854
1 5856
1 5857
1 5859
3 5860
2 5863
2 5865
2 5866
3 5867
1 5868
3 5870
1 5872
1 5874
1 5876
1 5877
6 5880
2 5883
1 5884
2 5894
1 5895
1 5896
1 5903
2 5904
3 5906
1 5911
1 5919
2 5928
1 5929
6 5932
1 5936
1 5937
19 5938
2 5942
2 5943
13 5944
2 5947
2 5948
1 5951
1 5953
1 5957
1 5961
1 5963
1 5964
1 5965
1 5970
1 5971
1 5972
2 5974
1 5975
1 5977
6 5979
1 5980
1 5984
1 5986
2 5989
1 5991
1 5992
1 5995
2 5997
1 5998
5 6000
9 6002
2 6003
4 6007
4 6010
2 6011
2 6014
2 6016
1 6017
1 6021
1 6022
2 6025
1 6031
1 6037
1 6039
2 6041
1 6044
2 6045
1 6047
2 6048
5 6049
3 6050
1 6061
1 6065
2 6067
1 6068
2 6076
1 6077
1 6079
1 6080
1 6084
2 6085
1 6087
1 6088
1 6090
1 6091
1 6095
3 6096
1 6098
2 6099
1 6101
1 6105
2 6106
1 6110
1 6112
2 6116
2 6120
1 6121
1 6122
2 6123
1 6125
1 6130
1 6132
1 6135
2 6136
3 6138
1 6140
1 6144
2 6148
2 6153
1 6156
1 6157
2 6159
3 6162
1 6165
1 6171
2 6174
1 6175
1 6181
2 6187
2 6188
1 6190
1 6197
4 6201
25 6203
53 6204
1 6205
2 6208
1 6209
1 6211
5 6212
2 6213
1 6216
1 6222
1 6230
2 6232
2 6234
2 6238
1 6239
4 6240
2 6241
10 6249
2 6254
2 6256
1 6260
14 6264
1 6269
3 6270
1 6272
12 6273
3 6276
8 6279
2 6282
2 6285
1 6287
21 6288
1 6291
2 6292
2 6294
2 6295
2 6296
2 6297
39 6298
2 6299
2 6303
1 6305
2 6312
2 6321
1 6323
3 6334
1 6337
1 6341
3 6344
2 6346
2 6351
1 6353
1 6355
2 6356
1 6357
1 6371
1 6374
1 6380
2 6381
2 6388
1 6393
5 6395
1 6397
1 6398
1 6400
1 6403
1 6406
2 6408
2 6409
1 6410
1 6411
3 6414
3 6415
1 6419
1 6421
1 6422
4 6427
1 6428
4 6429
4 6430
4 6441
2 6444
2 6455
1 6460
1 6466
2 6475
2 6477
2 6478
2 6485
6 6488
2 6490
2 6495
1 6502
1 6503
2 6505
12 6518
2 6520
2 6524
1 6531
2 6538
2 6542
2 6549
1 6555
2 6563
2 6564
5 6569
2 6573
2 6578
2 6594
1 6595
6 6597
2 6601
3 6605
1 6610
2 6611
3 6613
1 6615
10 6616
1 6617
1 6618
2 6623
2 6624
1 6626
2 6628
1 6629
1 6631
13 6633
6 6634
1 6648
1 6651
1 6654
2 6655
1 6656
1 6657
2 6660
1 6663
54 6666
5 6667
2 6669
2 6670
4 6673
1 6678
1 6680
1 6681
2 6684
12 6685
1 6687
1 6689
1 6690
2 6695
1 6697
14 6698
2 6700
1 6702
1 6705
1 6710
4 6715
2 6717
1 6718
1 6720
2 6721
1 6726
2 6732
1 6735
3 6737
1 6739
9 6743
1 6745
2 6748
1 6749
6 6750
2 6751
1 6760
1 6761
1 6762
2 6765
2 6771
1 6781
1 6783
1 6786
2 6789
1 6802
1 6803
2 6804
1 6807
1 6819
7 6824
1 6827
3 6828
1 6830
3 6832
3 6833
2 6840
1 6843
1 6846
1 6847
1 6853
1 6856
1 6861
1 6863
2 6864
2 6871
9 6874
4 6880
2 6897
1 6901
1 6904
2 6905
1 6906
1 6908
1 6909
3 6912
1 6913
3 6915
1 6919
2 6920
1 6921
1 6926
2 6928
1 6933
1 6934
10 6937
1 6942
35 6946
2 6947
1 6950
1 6951
2 6955
8 6957
3 6963
5 6964
2 6965
1 6970
11 6973
3 6982
1 6985
2 6986
1 6987
1 6990
1 6995
1 6996
2 6997
13 7000
1 7009
2 7010
2 7011
1 7017
2 7025
1 7035
1 7051
1 7054
1 7055
2 7056
1 7057
2 7060
1 7062
1 7063
1 7064
3 7069
1 7074
1 7077
1 7079
2 7081
1 7084
1 7087
1 7089
1 7090
1 7091
1 7093
1 7095
9 7096
2 7099
3 7106
2 7108
1 7111
2 7113
2 7115
1 7116
11 7120
1 7121
1 7123
12 7124
1 7125
4 7126
2 7129
1 7130
1 7131
1 7140
1 7146
1 7149
3 7150
2 7151
2 7152
1 7156
1 7159
1 7160
3 7169
2 7172
9 7173
1 7177
1 7179
4 7186
2 7192
2 7193
3 7194
2 7195
4 7196
1 7197
1 7202
2 7203
2 7208
2 7209
2 7212
2 7221
1 7222
2 7224
1 7227
2 7228
2 7231
1 7232
1 7237
4 7238
3 7244
3 7247
2 7250
1 7252
1 7255
1 7256
2 7261
1 7262
1 7263
1 7264
1 7272
1 7277
3 7279
1 7281
2 7282
1 7284
1 7286
3 7287
2 7288
4 7289
1 7293
2 7295
1 7298
1 7300
1 7303
1 7304
1 7306
3 7307
1 7311
3 7317
1 7319
1 7320
1 7324
1 7326
1 7330
1 7333
1 7335
1 7338
1 7347
1 7356
2 7357
1 7360
1 7365
2 7367
1 7368
1 7370
2 7371
1 7376
2 7379
1 7382
2 7383
1 7386
1 7387
2 7389
2 7390
1 7392
2 7397
1 7398
2 7400
1 7402
2 7403
2 7410
2 7411
1 7412
3 7420
4 7427
2 7429
3 7430
2 7432
1 7433
1 7435
1 7436
1 7447
3 7456
1 7457
2 7459
3 7463
1 7470
1 7472
1 7475
1 7483
1 7503
3 7512
1 7515
1 7516
1 7524
6 7525
2 7526
2 7529
2 7533
1 7534
1 7540
1 7544
1 7546
3 7552
1 7560
1 7562
1 7567
1 7573
2 7579
1 7586
3 7591
1 7593
1 7599
2 7600
2 7601
2 7618
1 7625
1 7630
1 7633
1 7635
1 7644
1 7650
1 7652
2 7659
1 7663
2 7665
12 7670
2 7676
1 7681
1 7686
1 7690
1 7698
1 7700
1 7701
1 7703
2 7710
1 7715
2 7721
1 7725
3 7732
1 7734
2 7738
1 7740
1 7744
1 7766
1 7768
1 7771
1 7773
2 7775
1 7776
4 7777
1 7778
1 7779
1 7780
1 7781
1 7782
3 7783
2 7784
2 7785
1 7786
3 7787
1 7788
3 7789
1 7790
1 7791
1 7792
1 7793
3 7794
1 7795
1 7796
13 7797
1 7798
1 7799
6 7800
1 7801
1 7802
1 7803
3 7804
1 7805
1 7806
1 7807
1 7808
1 7809
1 7810
2 7811
1 7812
1 7813
1 7814
1 7815
2 7816
2 7817
1 7818
1 7819
1 7820
1 7821
1 7822
1 7823
1 7824
1 7825
1 7826
1 7827
1 7828
1 7829
1 7830
1 7831
1 7832
1 7833
1 7834
1 7835
1 7836
1 7837
1 7838
1 7839
1 7840
2 7841
2 7842
1 7843
1 7844
1 7845
1 7846
2 7847
1 7848
1 7849
2 7850
2 7851
1 7852
1 7853
1 7854
1 7855
3 7856
7 7857
1 7858
3 7859
1 7860
1 7861
5 7862
1 7863
1 7864
1 7865
2 7866
1 7867
4 7868
1 7869
2 7870
1 7871
1 7873
2 7874
1 7875
1 7876
1 7877
1 7878
1 7879
2 7880
1 7881
1 7882
1 7883
1 7884
1 7885
1 7886
1 7887
1 7888
1 7889
1 7890
1 7891
1 7892
1 7893
1 7894
2 7895
1 7896
1 7897
2 7898
1 7899
1 7900
1 7901
1 7902
2 7903
1 7905
3 7906
4 7907
1 7909
1 7916
2 7918
1 7943
1 7949
1 7951
1 7955
2 7960
2 7963
3 7972
1 7973
4 7976
1 7980
1 7988
1 7992
2 7995
7 7996
1 7998
1 8002
1 8010
1 8020
2 8027
1 8029
3 8032
2 8035
1 8038
3 8048
2 8055
2 8067
1 8077
2 8089
1 8090
2 8091
1 8093
1 8095
5 8096
2 8099
1 8104
1 8107
1 8108
1 8111
1 8118
1 8119
1 8124
2 8129
3 8133
2 8141
1 8143
1 8150
2 8151
1 8159
1 8179
2 8181
2 8183
2 8188
1 8191
2 8194
1 8199
1 8201
1 8205
3 8208
1 8209
2 8213
1 8224
4 8226
4 8232
2 8234
2 8235
3 8237
4 8243
2 8253
2 8263
1 8270
2 8271
2 8278
1 8289
1 8297
1 8301
1 8306
3 8308
1 8317
2 8318
3 8323
2 8327
1 8339
1 8341
1 8349
1 8353
2 8354
1 8355
1 8357
4 8364
2 8373
2 8375
1 8380
6 8385
3 8388
3 8396
1 8397
1 8406
2 8420
2 8430
2 8436
2 8439
1 8440
2 8441
2 8456
1 8459
2 8467
5 8470
2 8484
2 8493
2 8503
1 8507
2 8510
1 8513
4 8519
2 8523
1 8525
1 8526
2 8529
1 8538
1 8539
2 8543
1 8553
2 8585
1 8593
1 8603
1 8605
2 8607
1 8624
1 8625
1 8644
1 8647
2 8648
2 8655
1 8658
2 8661
10 8662
20 8663
19 8664
23 8665
22 8666
24 8667
22 8668
18 8669
22 8670
18 8671
17 8672
13 8673
11 8674
16 8675
17 8676
22 8677
23 8678
24 8679
25 8680
22 8681
16 8682
20 8683
20 8684
16 8685
5 8686
3 8688
1 8691
1 8692
1 8700
3 8712
1 8715
1 8729
1 8734
1 8736
1 8744
2 8753
1 8755
2 8757
1 8759
2 8762
1 8763
1 8764
3 8766
1 8771
1 8778
1 8802
1 8818
2 8825
2 8826
1 8828
1 8829
2 8840
1 8849
2 8852
2 8863
1 8865
1 8878
1 8880
2 8885
1 8889
1 8890
5 8897
3 8900
1 8906
3 8914
5 8919
1 8922
1 8927
2 8928
1 8933
1 8945
1 8953
1 8955
7 8957
2 8958
1 8959
2 8960
2 8964
2 8968
1 8970
1 8976
1 8985
2 8986
1 8989
2 8990
2 8994
1 8995
1 8997
76 9000
1 9001
2 9002
1 9009
1 9011
1 9015
1 9024
2 9025
1 9043
1 9046
1 9053
1 9058
2 9059
1 9063
1 9065
1 9068
1 9069
2 9073
2 9076
1 9082
1 9090
1 9095
2 9100
2 9101
1 9104
2 9107
1 9108
1 9109
1 9114
1 9116
2 9123
1 9125
1 9137
1 9141
2 9147
1 9148
1 9157
1 9161
2 9163
1 9164
2 9175
1 9176
2 9186
2 9194
2 9207
2 9215
2 9216
2 9217
1 9228
37 9232
15 9241
2 9243
2 9244
1 9248
1 9249
1 9252
2 9253
1 9254
2 9255
1 9256
1 9257
1 9258
1 9259
1 9260
1 9261
1 9262
1 9263
1 9264
1 9265
1 9266
1 9267
1 9268
1 9269
1 9270
1 9271
1 9272
2 9273
1 9274
2 9275
1 9276
1 9277
1 9278
3 9279
1 9280
1 9281
1 9282
1 9283
1 9284
1 9285
1 9286
1 9287
1 9288
1 9289
1 9290
1 9291
1 9292
1 9293
1 9294
1 9295
1 9296
1 9297
1 9299
2 9300
1 9301
2 9302
1 9303
1 9304
1 9305
1 9306
1 9307
3 9308
1 9309
1 9310
1 9311
1 9312
1 9313
1 9314
1 9315
1 9316
1 9317
1 9318
1 9319
1 9320
1 9321
1 9322
1 9323
1 9324
1 9325
1 9326
1 9327
1 9329
1 9330
1 9331
1 9332
1 9333
1 9334
1 9335
1 9336
1 9337
1 9338
1 9339
2 9340
1 9341
2 9343
1 9344
2 9345
1 9346
1 9347
3 9348
1 9349
1 9350
1 9351
1 9352
1 9353
1 9354
1 9355
1 9356
1 9357
1 9358
1 9359
1 9360
3 9361
16 9362
1 9363
16 9364
1 9365
1 9366
1 9368
1 9369
1 9370
1 9371
1 9372
1 9373
11 9374
1 9375
3 9376
1 9377
1 9378
1 9379
1 9380
1 9381
1 9382
2 9392
1 9401
9 9413
1 9418
16 9423
1 9428
1 9439
1 9443
2 9446
1 9452
1 9455
2 9465
15 9466
1 9467
1 9471
1 9485
2 9486
1 9497
1 9500
16 9501
3 9505
2 9508
16 9511
2 9512
1 9521
4 9530
7 9535
2 9540
2 9552
1 9565
4 9568
1 9570
1 9571
2 9578
2 9579
4 9593
4 9611
2 9617
3 9619
2 9623
2 9634
2 9636
1 9638
1 9641
1 9642
11 9650
2 9666
2 9685
1 9692
1 9697
1 9700
1 9707
3 9714
1 9715
2 9716
1 9717
2 9718
2 9720
1 9730
1 9733
1 9738
9 9739
1 9741
1 9746
1 9776
1 9783
1 9787
1 9793
2 9799
1 9802
2 9811
1 9840
1 9843
1 9845
1 9846
2 9856
2 9870
2 9881
2 9884
2 9889
2 9891
2 9897
1 9898
1 9903
1 9905
2 9911
2 9913
2 9920
2 9923
2 9924
1 9926
10 9927
1 9931
1 9933
2 9940
1 9942
1 9943
1 9944
3 9945
3 9957
1 9964
1 9967
2 9982
3 9983
2 9994
15 9995
4 9996
5 10000
1 10003
2 10004
2 10012
1 10015
1 10017
2 10018
2 10019
3 10021
2 10022
2 10024
3 10029
2 10033
5 10035
2 10036
1 10037
2 10039
1 10042
3 10047
1 10049
2 10053
2 10055
2 10060
2 10063
5 10064
2 10066
2 10067
5 10069
2 10071
1 10073
2 10075
1 10076
5 10080
4 10081
1 10082
2 10083
2 10084
1 10085
3 10089
2 10091
2 10092
1 10094
2 10095
2 10099
2 10103
2 10107
2 10136
3 10141
1 10149
1 10156
1 10159
2 10165
1 10168
4 10169
6 10172
6 10197
1 10206
1 10227
1 10228
1 10231
2 10234
1 10238
2 10250
1 10251
1 10254
1 10267
1 10292
8 10297
1 10298
3 10307
3 10308
1 10310
2 10315
3 10320
2 10327
3 10334
2 10341
1 10342
2 10345
2 10348
1 10358
1 10359
2 10367
2 10368
1 10372
1 10375
5 10377
1 10378
2 10383
1 10385
1 10391
1 10392
1 10395
118 10396
1 10397
1 10398
2 10399
2 10404
1 10405
1 10430
1 10439
1 10440
1 10452
1 10454
1 10460
1 10463
1 10465
1 10467
2 10475
1 10486
1 10487
2 10501
1 10502
1 10503
1 10516
1 10517
1 10526
2 10529
1 10545
1 10546
1 10555
1 10563
2 10565
1 10573
1 10575
1 10589
1 10590
1 10600
1 10616
5 10632
1 10635
1 10640
1 10651
1 10668
1 10687
1 10699
5 10712
4 10713
2 10714
4 10717
1 10722
3 10728
1 10732
1 10746
1 10762
3 10773
1 10780
10 10781
8 10784
1 10791
1 10793
1 10795
2 10796
3 10798
1 10799
1 10801
1 10802
2 10803
1 10809
2 10813
1 10817
4 10821
10 10823
1 10865
1 10872
1 10879
5 10885
1 10899
1 10906
1 10936
9 10939
1 10943
1 10989
2 10994
1 11023
2 11056
3 11064
1 11067
1 11077
1 11085
2 11093
1 11102
1 11108
1 11116
1 11118
1 11119
1 11125
1 11126
1 11139
1 11153
1 11166
8 11168
10 11170
1 11184
1 11186
1 11189
1 11192
1 11200
1 11203
1 11224
1 11242
1 11246
1 11248
1 11256
1 11259
1 11264
1 11271
1 11322
1 11327
10 11334
1 11349
1 11357
1 11365
3 11374
1 11389
1 11399
3 11407
1 11415
1 11436
1 11444
1 11450
1 11452
1 11462
1 11475
1 11476
1 11481
1 11484
1 11489
1 11503
1 11505
1 11508
1 11511
1 11515
1 11516
1 11520
1 11526
1 11536
1 11537
1 11541
1 11542
5 11545
2 11547
2 11555
1 11563
1 11566
1 11569
1 11574
2 11575
1 11576
1 11577
3 11580
1 11581
1 11585
1 11590
1 11593
1 11594
2 11599
1 11601
1 11602
1 11603
1 11604
3 11606
1 11607
1 11608
1 11609
3 11611
1 11612
1 11613
1 11614
1 11616
1 11617
2 11618
1 11622
10 11623
2 11625
1 11627
1 11629
1 11630
1 11644
1 11651
1 11654
1 11661
1 11662
3 11664
1 11669
1 11674
1 11675
1 11676
1 11680
1 11684
1 11690
1 11691
1 11698
1 11705
1 11706
1 11708
1 11713
1 11723
8 11726
1 11734
1 11753
1 11766
1 11779
1 11780
1 11784
1 11796
1 11801
1 11823
1 11830
1 11833
1 11834
1 11836
1 11845
1 11857
1 11872
1 11887
1 11889
1 11909
5 11911
1 11920
1 11926
1 11930
1 11934
1 11935
1 11938
1 11947
1 11954
1 11962
1 11963
2 11972
2 11974
1 11988
1 11997
1 11998
1 11999
1 12000
1 12001
97 12004
1 12005
1 12013
2 12015
1 12016
2 12019
1 12021
1 12022
1 12023
1 12024
2 12028
1 12029
1 12030
1 12047
1 12055
1 12059
1 12062
1 12071
1 12074
1 12075
1 12083
1 12085
1 12086
1 12092
2 12094
1 12095
1 12098
1 12109
1 12118
1 12119
1 12129
1 12139
1 12148
6 12168
26 12189
2 12200
1 12229
3 12230
1 12253
5 12257
19 12271
1 12279
1 12285
1 12300
1 12313
1 12314
1 12316
1 12332
2 12342
1 12382
1 12399
8 12422
1 12437
1 12455
1 12456
1 12460
1 12463
4 12481
1 12490
6 12493
1 12495
1 12516
1 12538
1 12539
1 12562
1 12567
1 12568
1 12580
1 12612
1 12613
1 12626
1 12638
1 12639
1 12648
1 12651
1 12654
1 12659
2 12664
1 12667
1 12672
9 12678
2 12694
9 12696
1 12698
1 12710
1 12724
1 12726
3 12743
1 12746
2 12767
1 12784
9 12785
4 12790
1 12824
1 12841
1 12872
1 12873
3 12886
12 12890
1 12891
1 12895
1 12910
1 12940
1 12941
1 12955
1 12967
1 12979
3 12982
5 13007
1 13013
1 13044
1 13048
2 13056
3 13078
1 13080
1 13088
3 13103
1 13115
8 13120
1 13140
1 13160
2 13174
1 13175
1 13184
1 13188
1 13191
1 13193
1 13197
1 13200
1 13204
1 13206
1 13208
1 13265
1 13269
2 13287
1 13295
1 13297
1 13330
1 13332
2 13382
1 13387
4 13397
1 13423
1 13426
1 13433
2 13434
1 13435
2 13446
5 13489
1 13491
1 13505
1 13514
1 13520
3 13524
1 13530
2 13539
1 13551
3 13574
1 13575
1 13586
5 13596
1 13614
2 13646
1 13675
1 13676
1 13685
1 13701
1 13729
2 13796
1 13802
1 13844
1 13846
1 13859
1 13876
12 13898
1 13903
1 13910
1 13914
1 13916
12 13939
3 13942
1 13949
1 13954
7 13955
1 13968
13 13978
1 13982
1 13992
1 13996
1 13997
2 14000
457 14001
1 14002
1 14043
11 14044
13 14049
1 14073
1 14079
2 14102
1 14133
1 14137
1 14146
1 14158
1 14186
1 14188
1 14191
1 14203
1 14211
2 14214
1 14220
1 14249
1 14255
1 14275
1 14299
1 14305
1 14307
1 14330
1 14341
1 14349
1 14360
1 14362
1 14363
3 14376
1 14386
1 14387
1 14390
1 14391
1 14394
3 14400
3 14403
1 14405
2 14408
1 14409
1 14421
1 14431
1 14436
1 14439
6 14443
1 14452
1 14493
1 14499
1 14570
1 14605
1 14622
1 14623
1 14633
1 14650
1 14655
1 14656
1 14666
1 14684
1 14700
1 14721
1 14735
1 14747
1 14750
1 14751
1 14779
1 14820
1 14832
1 14834
1 14844
1 14857
1 14866
1 14871
1 14888
1 14890
1 14897
1 14909
6 14913
1 14920
1 14922
1 14930
1 14943
1 14953
1 14964
1 14970
1 14982
1 14991
1 14995
1 14997
1 14999
1 15003
1 15006
1 15011
1 15016
1 15061
1 15097
1 15108
1 15119
1 15170
1 15188
1 15197
1 15211
1 15220
1 15223
1 15230
1 15235
1 15239
1 15243
1 15245
1 15264
3 15294
1 15295
1 15299
1 15318
1 15355
1 15377
1 15418
3 15426
1 15441
1 15443
1 15448
1 15450
1 15467
1 15523
1 15696
1 15710
1 15721
4 15722
1 15756
1 15768
1 15770
1 15778
1 15787
1 15798
1 15800
1 15803
1 15808
1 15812
1 15814
2 15820
1 15826
2 15837
1 15841
2 15848
1 15850
1 15852
1 15864
1 15866
1 15908
1 15917
1 15919
1 15950
1 15997
5 16000
1 16001
1 16040
1 16069
1 16121
1 16139
1 16140
2 16171
22 16200
1 16222
1 16315
1 16350
1 16373
1 16390
1 16400
1 16414
1 16467
1 16553
1 16645
1 16727
1 16750
1 16770
1 16774
1 16791
2 16794
1 16797
1 16799
1 16823
1 16856
1 16974
3 16993
1 16994
1 17135
1 17150
7 17165
1 17238
1 17239
1 17245
1 17275
1 17393
2 17441
1 17458
1 17488
1 17616
2 17620
2 17667
1 17722
2 17761
1 17785
1 17786
1 17810
2 17827
1 17831
1 17849
1 17859
1 17872
1 17887
1 17900
1 17953
3 17972
34 18000
3 18074
2 18110
1 18113
3 18134
2 18140
2 18141
2 18290
3 18307
1 18478
5 18621
1 18668
2 18769
2 18946
3 18951
2 19181
6 19397
3 19402
3 19562
1 19618
3 19620
3 19650
21 19770
2 19771
25 19785
1 19788
22 19792
4 19793
24 19816
3 19817
19 19831
19 19849
1 19899
1 19975
26 20000
1 20044
1 20152
2 20192
22 20212
1 20303
1 20329
1 20466
1 20476
1 20498
1 20603
1 20631
1 20675
2 20754
1 20765
2 20769
1 20770
1 20782
2 20798
11 20891
1 21305
9 21325
1 21335
1 21355
8 21358
10 21460
10 21461
1 21609
12 22045
1 22059
1 22256
3 22257
7 22323
1 22449
2 22567
1 23576
16 23645
1 23785
3 23795
1 23839
1 24375
1 24476
1 24540
1 24566
3 24567
1 24573
1 24584
9 24647
2 24693
7 24848
6 24853
6 24862
1 24880
9 24895
3 25152
7 25698
1 25744
1 25837
3 26093
3 26713
4 26763
1 26860
1 27377
1 27805
1 27888
2 27944
1 27949
1 28082
1 28398
6 28715
1 28791
2 29136
5 29138
1 29197
1 29539
1 29672
1 29676
1 29716
1 30068
1 30277
1 30324
1 30362
1 30373
1 30499
1 30611
1 30661
1 30911
2 31206
1 31743
1 31844
1 32203
2 32253
1 32301
1 32406
1 32489
1 32681
1 32684
1 33033
1 33532
2 34637
1 34669
1 35902
1 36052
1 39697
1 39743
1 39886
1 39959
1 40035
1 40585
1 41541
1 41612
1 42618
1 43697
1 43978
1 44632
2 45816
2 47215
1 47476
