742829 0
1593364 1
684522 2
812152 3
681062 4
413905 5
355325 6
284387 7
227622 8
194878 9
171416 10
152206 11
139981 12
125976 13
112446 14
101726 15
93108 16
84250 17
77983 18
72069 19
66879 20
64820 21
61389 22
56184 23
52539 24
49679 25
45382 26
42717 27
40549 28
38920 29
36986 30
35439 31
34235 32
32844 33
31357 34
30484 35
29163 36
28341 37
27914 38
26202 39
25341 40
25285 41
24140 42
23877 43
22278 44
21592 45
20771 46
20262 47
19544 48
18955 49
18407 50
18031 51
17873 52
16912 53
16508 54
16265 55
15899 56
15474 57
15199 58
14813 59
14402 60
14249 61
14145 62
14084 63
13441 64
13315 65
12668 66
12155 67
11759 68
11311 69
11265 70
11142 71
10663 72
10562 73
10346 74
10033 75
9968 76
9717 77
9218 78
9179 79
8952 80
8826 81
8740 82
8482 83
8498 84
8345 85
8016 86
7930 87
7627 88
7783 89
7363 90
7462 91
7371 92
7205 93
7172 94
6894 95
6979 96
6799 97
6679 98
6672 99
6317 100
6309 101
6310 102
6308 103
6135 104
5878 105
6016 106
5931 107
5929 108
5713 109
5547 110
5561 111
5467 112
5460 113
5483 114
5365 115
5332 116
5433 117
5335 118
5165 119
5149 120
5189 121
5119 122
5207 123
5170 124
5295 125
4999 126
4760 127
4843 128
4725 129
4606 130
4534 131
4420 132
4423 133
4421 134
4374 135
4267 136
4252 137
4286 138
4109 139
4148 140
4191 141
4110 142
4229 143
4017 144
4017 145
3997 146
3960 147
3881 148
3883 149
3804 150
3691 151
3766 152
3809 153
3686 154
3617 155
3698 156
3664 157
3636 158
3420 159
3704 160
3395 161
3601 162
3452 163
3288 164
3407 165
3345 166
3217 167
3153 168
3180 169
3151 170
3142 171
3036 172
3107 173
2859 174
3042 175
3022 176
3018 177
2893 178
2955 179
2880 180
2857 181
2789 182
2804 183
2770 184
2694 185
2700 186
2585 187
2625 188
2616 189
2630 190
2531 191
2468 192
2490 193
2539 194
2513 195
2556 196
2411 197
2491 198
2405 199
2267 200
2274 201
2252 202
2286 203
2316 204
2298 205
2248 206
2187 207
2191 208
2178 209
2118 210
2203 211
2101 212
2063 213
2175 214
2054 215
2028 216
1975 217
1913 218
1987 219
1947 220
2032 221
2003 222
1924 223
1995 224
1901 225
1933 226
1803 227
1872 228
1828 229
1791 230
1909 231
1853 232
1768 233
1831 234
1849 235
1748 236
1774 237
1772 238
1685 239
1754 240
1750 241
1714 242
1765 243
1769 244
1658 245
1651 246
1673 247
1677 248
1581 249
1575 250
1654 251
1616 252
1619 253
1621 254
1617 255
1546 256
1621 257
1525 258
1518 259
1499 260
1478 261
1499 262
1540 263
1459 264
1525 265
1548 266
1474 267
1436 268
1407 269
1418 270
1473 271
1427 272
1501 273
1455 274
1483 275
1483 276
1331 277
1324 278
1353 279
1363 280
1276 281
1382 282
1443 283
1279 284
1317 285
1326 286
1345 287
1324 288
1321 289
1354 290
1402 291
1293 292
1259 293
1328 294
1398 295
1297 296
1258 297
1265 298
1267 299
1209 300
1269 301
1215 302
1195 303
1360 304
1338 305
1554 306
1545 307
1562 308
1684 309
2004 310
2484 311
3129 312
4146 313
6062 314
3996 315
2935 316
2852 317
2532 318
2344 319
2182 320
2125 321
2386 322
2290 323
2700 324
2128 325
1877 326
1881 327
1736 328
1693 329
1496 330
1582 331
1610 332
1710 333
1672 334
1653 335
1504 336
1533 337
1407 338
1396 339
1382 340
1384 341
1484 342
1322 343
1415 344
1338 345
1357 346
1339 347
1237 348
1225 349
1194 350
1243 351
1219 352
1243 353
1300 354
1173 355
1163 356
1139 357
1090 358
1083 359
1106 360
1145 361
1164 362
1168 363
1179 364
1147 365
1211 366
1210 367
1163 368
1145 369
1398 370
1426 371
1284 372
1885 373
4759 374
3834 375
2136 376
2135 377
2007 378
1667 379
1591 380
1491 381
1415 382
1491 383
1979 384
1838 385
1404 386
1292 387
1259 388
1226 389
1132 390
1092 391
1158 392
1093 393
1188 394
1160 395
1072 396
1064 397
978 398
940 399
983 400
968 401
881 402
950 403
968 404
1029 405
961 406
900 407
949 408
886 409
851 410
839 411
869 412
844 413
909 414
883 415
851 416
860 417
791 418
823 419
770 420
795 421
812 422
750 423
804 424
780 425
751 426
720 427
749 428
772 429
729 430
719 431
731 432
710 433
774 434
758 435
682 436
691 437
673 438
665 439
660 440
634 441
672 442
657 443
739 444
713 445
697 446
665 447
621 448
623 449
637 450
598 451
688 452
641 453
662 454
657 455
601 456
627 457
601 458
615 459
600 460
574 461
628 462
610 463
628 464
580 465
561 466
580 467
578 468
621 469
557 470
534 471
595 472
545 473
611 474
559 475
604 476
545 477
567 478
551 479
520 480
476 481
519 482
516 483
575 484
566 485
553 486
537 487
583 488
513 489
487 490
498 491
525 492
466 493
556 494
517 495
496 496
509 497
534 498
450 499
513 500
487 501
471 502
488 503
533 504
504 505
469 506
467 507
483 508
483 509
471 510
463 511
463 512
463 513
526 514
462 515
476 516
464 517
457 518
457 519
449 520
434 521
464 522
429 523
471 524
457 525
461 526
432 527
426 528
439 529
420 530
432 531
446 532
406 533
439 534
395 535
418 536
446 537
434 538
382 539
409 540
418 541
420 542
408 543
448 544
411 545
405 546
378 547
396 548
402 549
385 550
370 551
376 552
380 553
407 554
366 555
421 556
362 557
368 558
388 559
345 560
353 561
342 562
379 563
358 564
389 565
362 566
337 567
354 568
325 569
340 570
328 571
326 572
332 573
345 574
364 575
327 576
340 577
336 578
307 579
335 580
339 581
296 582
309 583
358 584
305 585
339 586
310 587
337 588
315 589
339 590
318 591
322 592
301 593
344 594
301 595
306 596
288 597
315 598
286 599
278 600
269 601
275 602
267 603
251 604
274 605
246 606
272 607
240 608
255 609
273 610
271 611
266 612
301 613
273 614
242 615
291 616
237 617
252 618
258 619
258 620
309 621
431 622
394 623
465 624
401 625
300 626
318 627
318 628
256 629
258 630
292 631
340 632
359 633
319 634
324 635
289 636
253 637
269 638
266 639
233 640
282 641
260 642
257 643
295 644
282 645
256 646
274 647
213 648
269 649
248 650
237 651
264 652
292 653
256 654
221 655
220 656
232 657
248 658
214 659
203 660
209 661
226 662
224 663
242 664
199 665
215 666
247 667
197 668
202 669
226 670
202 671
214 672
213 673
206 674
206 675
195 676
184 677
202 678
194 679
200 680
198 681
220 682
246 683
364 684
300 685
249 686
248 687
245 688
236 689
241 690
206 691
217 692
267 693
277 694
248 695
215 696
234 697
225 698
201 699
206 700
206 701
206 702
192 703
222 704
236 705
193 706
218 707
214 708
174 709
183 710
198 711
171 712
168 713
208 714
208 715
148 716
178 717
188 718
186 719
148 720
189 721
168 722
190 723
197 724
182 725
170 726
160 727
174 728
146 729
180 730
126 731
163 732
171 733
202 734
185 735
173 736
164 737
158 738
178 739
175 740
182 741
169 742
212 743
386 744
250 745
214 746
201 747
227 748
164 749
184 750
194 751
177 752
173 753
252 754
230 755
191 756
177 757
152 758
211 759
143 760
156 761
151 762
168 763
196 764
159 765
158 766
164 767
145 768
149 769
150 770
123 771
147 772
142 773
174 774
162 775
147 776
143 777
129 778
154 779
126 780
145 781
132 782
152 783
137 784
155 785
147 786
139 787
120 788
145 789
131 790
124 791
134 792
139 793
138 794
123 795
132 796
129 797
144 798
123 799
128 800
129 801
125 802
131 803
145 804
115 805
128 806
130 807
115 808
148 809
112 810
109 811
119 812
112 813
121 814
120 815
133 816
100 817
128 818
132 819
121 820
128 821
106 822
119 823
127 824
141 825
124 826
112 827
114 828
132 829
113 830
100 831
120 832
112 833
116 834
102 835
114 836
116 837
126 838
106 839
105 840
112 841
127 842
94 843
107 844
137 845
115 846
98 847
101 848
126 849
101 850
84 851
96 852
93 853
95 854
82 855
93 856
85 857
94 858
77 859
101 860
91 861
108 862
104 863
92 864
115 865
97 866
104 867
86 868
87 869
87 870
110 871
87 872
96 873
94 874
121 875
103 876
78 877
94 878
101 879
118 880
91 881
83 882
89 883
102 884
81 885
96 886
110 887
83 888
97 889
98 890
77 891
85 892
78 893
99 894
126 895
80 896
80 897
101 898
89 899
87 900
89 901
91 902
84 903
91 904
92 905
89 906
91 907
102 908
97 909
78 910
87 911
86 912
105 913
95 914
115 915
89 916
102 917
85 918
95 919
81 920
92 921
97 922
119 923
88 924
88 925
89 926
77 927
94 928
100 929
93 930
72 931
114 932
90 933
93 934
80 935
98 936
93 937
108 938
96 939
75 940
81 941
100 942
84 943
109 944
95 945
89 946
85 947
96 948
98 949
88 950
65 951
95 952
95 953
71 954
97 955
70 956
76 957
83 958
86 959
80 960
81 961
86 962
73 963
81 964
65 965
98 966
83 967
67 968
84 969
67 970
72 971
85 972
72 973
79 974
77 975
102 976
77 977
67 978
72 979
53 980
85 981
80 982
81 983
85 984
75 985
70 986
58 987
55 988
79 989
70 990
62 991
77 992
76 993
98 994
94 995
51 996
68 997
81 998
67 999
65 1000
87 1001
83 1002
76 1003
89 1004
79 1005
68 1006
64 1007
72 1008
77 1009
69 1010
69 1011
56 1012
66 1013
76 1014
68 1015
66 1016
68 1017
71 1018
73 1019
58 1020
64 1021
74 1022
74 1023
79 1024
72 1025
89 1026
61 1027
52 1028
65 1029
54 1030
63 1031
67 1032
68 1033
72 1034
80 1035
62 1036
63 1037
58 1038
53 1039
61 1040
63 1041
64 1042
69 1043
65 1044
68 1045
65 1046
51 1047
60 1048
71 1049
60 1050
56 1051
68 1052
48 1053
89 1054
76 1055
60 1056
64 1057
62 1058
65 1059
73 1060
60 1061
71 1062
73 1063
72 1064
59 1065
61 1066
55 1067
57 1068
39 1069
66 1070
64 1071
68 1072
55 1073
57 1074
59 1075
55 1076
70 1077
49 1078
46 1079
70 1080
47 1081
57 1082
51 1083
54 1084
54 1085
52 1086
62 1087
56 1088
59 1089
55 1090
49 1091
56 1092
45 1093
49 1094
43 1095
50 1096
51 1097
52 1098
57 1099
47 1100
45 1101
58 1102
46 1103
50 1104
50 1105
54 1106
49 1107
42 1108
62 1109
53 1110
46 1111
35 1112
56 1113
60 1114
43 1115
51 1116
41 1117
52 1118
54 1119
61 1120
44 1121
39 1122
48 1123
53 1124
56 1125
40 1126
49 1127
39 1128
36 1129
50 1130
46 1131
46 1132
38 1133
46 1134
52 1135
49 1136
52 1137
41 1138
36 1139
32 1140
36 1141
42 1142
43 1143
51 1144
44 1145
52 1146
34 1147
46 1148
39 1149
41 1150
42 1151
35 1152
42 1153
45 1154
42 1155
49 1156
47 1157
49 1158
47 1159
41 1160
37 1161
38 1162
49 1163
53 1164
32 1165
49 1166
51 1167
43 1168
40 1169
39 1170
36 1171
42 1172
40 1173
44 1174
43 1175
27 1176
46 1177
38 1178
37 1179
42 1180
34 1181
37 1182
43 1183
44 1184
42 1185
41 1186
45 1187
39 1188
33 1189
37 1190
32 1191
32 1192
32 1193
42 1194
36 1195
34 1196
32 1197
35 1198
37 1199
24 1200
36 1201
26 1202
27 1203
39 1204
43 1205
36 1206
32 1207
38 1208
31 1209
28 1210
35 1211
33 1212
45 1213
45 1214
38 1215
43 1216
32 1217
24 1218
32 1219
36 1220
37 1221
41 1222
35 1223
31 1224
37 1225
37 1226
32 1227
34 1228
33 1229
31 1230
36 1231
30 1232
36 1233
32 1234
34 1235
44 1236
48 1237
41 1238
45 1239
39 1240
34 1241
30 1242
35 1243
32 1244
34 1245
29 1246
36 1247
25 1248
31 1249
41 1250
42 1251
39 1252
28 1253
29 1254
29 1255
42 1256
30 1257
35 1258
26 1259
37 1260
36 1261
33 1262
34 1263
35 1264
36 1265
30 1266
36 1267
37 1268
42 1269
34 1270
30 1271
29 1272
34 1273
31 1274
25 1275
30 1276
30 1277
32 1278
28 1279
31 1280
35 1281
32 1282
34 1283
28 1284
32 1285
25 1286
41 1287
39 1288
34 1289
39 1290
32 1291
30 1292
33 1293
32 1294
29 1295
30 1296
29 1297
35 1298
22 1299
27 1300
28 1301
30 1302
30 1303
32 1304
32 1305
30 1306
27 1307
34 1308
43 1309
29 1310
27 1311
32 1312
42 1313
36 1314
28 1315
28 1316
32 1317
27 1318
31 1319
32 1320
29 1321
30 1322
41 1323
33 1324
29 1325
21 1326
29 1327
28 1328
26 1329
31 1330
35 1331
29 1332
30 1333
22 1334
21 1335
45 1336
34 1337
29 1338
27 1339
31 1340
20 1341
26 1342
20 1343
29 1344
30 1345
21 1346
18 1347
25 1348
20 1349
31 1350
33 1351
27 1352
26 1353
21 1354
32 1355
26 1356
30 1357
34 1358
31 1359
42 1360
27 1361
23 1362
28 1363
30 1364
29 1365
20 1366
31 1367
22 1368
24 1369
28 1370
28 1371
22 1372
25 1373
22 1374
34 1375
28 1376
21 1377
28 1378
20 1379
33 1380
26 1381
27 1382
20 1383
26 1384
31 1385
24 1386
19 1387
22 1388
29 1389
22 1390
20 1391
27 1392
20 1393
34 1394
18 1395
24 1396
31 1397
24 1398
28 1399
33 1400
23 1401
33 1402
30 1403
24 1404
26 1405
24 1406
19 1407
22 1408
28 1409
20 1410
23 1411
23 1412
19 1413
21 1414
18 1415
40 1416
25 1417
26 1418
24 1419
27 1420
20 1421
24 1422
29 1423
19 1424
27 1425
34 1426
21 1427
26 1428
23 1429
36 1430
21 1431
27 1432
20 1433
29 1434
28 1435
27 1436
31 1437
31 1438
24 1439
26 1440
25 1441
24 1442
23 1443
20 1444
24 1445
28 1446
23 1447
16 1448
33 1449
30 1450
25 1451
33 1452
16 1453
31 1454
25 1455
35 1456
24 1457
22 1458
22 1459
22 1460
23 1461
33 1462
25 1463
26 1464
22 1465
14 1466
22 1467
28 1468
23 1469
17 1470
25 1471
23 1472
18 1473
37 1474
26 1475
18 1476
30 1477
30 1478
18 1479
23 1480
28 1481
21 1482
18 1483
19 1484
25 1485
27 1486
24 1487
15 1488
13 1489
11 1490
35 1491
23 1492
18 1493
14 1494
23 1495
26 1496
25 1497
20 1498
18 1499
15 1500
23 1501
18 1502
19 1503
23 1504
15 1505
17 1506
25 1507
17 1508
23 1509
25 1510
13 1511
22 1512
24 1513
26 1514
20 1515
26 1516
16 1517
13 1518
21 1519
15 1520
22 1521
18 1522
18 1523
33 1524
20 1525
15 1526
20 1527
21 1528
18 1529
12 1530
22 1531
19 1532
18 1533
16 1534
8 1535
11 1536
20 1537
17 1538
19 1539
15 1540
19 1541
18 1542
8 1543
15 1544
15 1545
19 1546
19 1547
17 1548
15 1549
15 1550
14 1551
13 1552
18 1553
17 1554
18 1555
14 1556
12 1557
22 1558
22 1559
16 1560
25 1561
17 1562
22 1563
24 1564
22 1565
13 1566
17 1567
13 1568
18 1569
17 1570
20 1571
19 1572
11 1573
9 1574
15 1575
13 1576
9 1577
14 1578
14 1579
11 1580
16 1581
21 1582
15 1583
14 1584
18 1585
22 1586
6 1587
15 1588
10 1589
11 1590
16 1591
12 1592
15 1593
12 1594
13 1595
10 1596
16 1597
17 1598
12 1599
17 1600
18 1601
22 1602
16 1603
15 1604
27 1605
17 1606
15 1607
21 1608
18 1609
21 1610
16 1611
15 1612
8 1613
18 1614
17 1615
19 1616
14 1617
13 1618
15 1619
8 1620
14 1621
11 1622
8 1623
14 1624
13 1625
16 1626
21 1627
19 1628
19 1629
16 1630
14 1631
11 1632
9 1633
9 1634
7 1635
12 1636
13 1637
12 1638
16 1639
10 1640
12 1641
11 1642
20 1643
10 1644
13 1645
18 1646
15 1647
15 1648
21 1649
6 1650
11 1651
15 1652
11 1653
13 1654
12 1655
18 1656
8 1657
11 1658
9 1659
20 1660
25 1661
30 1662
23 1663
13 1664
11 1665
14 1666
6 1667
17 1668
8 1669
16 1670
10 1671
10 1672
8 1673
15 1674
6 1675
17 1676
13 1677
17 1678
6 1679
18 1680
18 1681
9 1682
15 1683
17 1684
13 1685
3 1686
10 1687
17 1688
8 1689
7 1690
12 1691
11 1692
17 1693
16 1694
18 1695
16 1696
17 1697
11 1698
14 1699
10 1700
14 1701
4 1702
13 1703
13 1704
6 1705
9 1706
11 1707
6 1708
15 1709
9 1710
11 1711
9 1712
13 1713
9 1714
12 1715
12 1716
19 1717
12 1718
9 1719
13 1720
17 1721
13 1722
12 1723
10 1724
11 1725
8 1726
14 1727
18 1728
12 1729
9 1730
11 1731
11 1732
9 1733
12 1734
11 1735
18 1736
13 1737
5 1738
15 1739
16 1740
6 1741
11 1742
9 1743
19 1744
10 1745
12 1746
9 1747
12 1748
15 1749
11 1750
13 1751
15 1752
10 1753
9 1754
20 1755
4 1756
11 1757
13 1758
16 1759
11 1760
11 1761
9 1762
15 1763
13 1764
16 1765
10 1766
11 1767
10 1768
9 1769
8 1770
10 1771
11 1772
11 1773
7 1774
14 1775
9 1776
14 1777
17 1778
12 1779
10 1780
8 1781
9 1782
13 1783
11 1784
6 1785
13 1786
12 1787
13 1788
11 1789
10 1790
12 1791
13 1792
15 1793
16 1794
11 1795
9 1796
15 1797
7 1798
16 1799
9 1800
21 1801
17 1802
15 1803
11 1804
12 1805
13 1806
18 1807
10 1808
19 1809
14 1810
19 1811
15 1812
12 1813
14 1814
5 1815
11 1816
13 1817
7 1818
8 1819
13 1820
10 1821
7 1822
6 1823
12 1824
8 1825
12 1826
11 1827
10 1828
9 1829
8 1830
9 1831
14 1832
18 1833
10 1834
14 1835
11 1836
10 1837
8 1838
12 1839
10 1840
14 1841
9 1842
17 1843
13 1844
18 1845
9 1846
12 1847
11 1848
14 1849
8 1850
9 1851
13 1852
11 1853
11 1854
10 1855
12 1856
16 1857
8 1858
17 1859
11 1860
9 1861
4 1862
11 1863
12 1864
10 1865
6 1866
13 1867
8 1868
11 1869
8 1870
7 1871
12 1872
14 1873
10 1874
10 1875
9 1876
12 1877
8 1878
8 1879
14 1880
12 1881
14 1882
12 1883
12 1884
7 1885
11 1886
11 1887
10 1888
15 1889
9 1890
9 1891
12 1892
15 1893
8 1894
15 1895
10 1896
5 1897
8 1898
9 1899
11 1900
12 1901
13 1902
9 1903
11 1904
11 1905
11 1906
13 1907
9 1908
8 1909
12 1910
9 1911
14 1912
13 1913
17 1914
11 1915
10 1916
12 1917
14 1918
10 1919
5 1920
12 1921
13 1922
7 1923
15 1924
8 1925
6 1926
9 1927
12 1928
13 1929
8 1930
9 1931
7 1932
9 1933
9 1934
4 1935
21 1936
3 1937
7 1938
5 1939
10 1940
5 1941
7 1942
5 1943
11 1944
11 1945
7 1946
13 1947
12 1948
7 1949
13 1950
8 1951
12 1952
9 1953
10 1954
9 1955
7 1956
7 1957
5 1958
8 1959
13 1960
6 1961
7 1962
9 1963
15 1964
12 1965
6 1966
7 1967
10 1968
11 1969
6 1970
4 1971
10 1972
13 1973
11 1974
9 1975
9 1976
8 1977
12 1978
10 1979
6 1980
11 1981
8 1982
9 1983
6 1984
7 1985
11 1986
11 1987
12 1988
9 1989
10 1990
11 1991
6 1992
11 1993
9 1994
5 1995
7 1996
7 1997
11 1998
12 1999
8 2000
11 2001
11 2002
8 2003
11 2004
14 2005
13 2006
7 2007
8 2008
7 2009
4 2010
10 2011
7 2012
11 2013
8 2014
10 2015
12 2016
12 2017
7 2018
11 2019
10 2020
9 2021
8 2022
11 2023
8 2024
9 2025
8 2026
5 2027
4 2028
8 2029
7 2030
15 2031
9 2032
12 2033
6 2034
13 2035
6 2036
4 2037
10 2038
9 2039
12 2040
11 2041
12 2042
11 2043
9 2044
6 2045
6 2046
9 2047
8 2048
9 2049
9 2050
5 2051
14 2052
11 2053
14 2054
14 2055
5 2056
11 2057
10 2058
13 2059
10 2060
4 2061
12 2062
11 2063
11 2064
7 2065
18 2066
11 2067
12 2068
12 2069
9 2070
6 2071
4 2072
4 2073
12 2074
17 2075
8 2076
13 2077
9 2078
13 2079
1 2080
4 2081
11 2082
9 2083
5 2084
4 2085
10 2086
8 2087
7 2088
6 2089
8 2090
9 2091
8 2092
9 2093
6 2094
7 2095
11 2096
6 2097
6 2098
8 2099
6 2100
7 2101
11 2102
7 2103
6 2104
8 2105
4 2106
7 2107
8 2108
13 2109
9 2110
5 2111
11 2112
6 2113
4 2114
5 2115
10 2116
9 2117
9 2118
4 2119
6 2120
7 2121
6 2122
10 2123
9 2124
4 2125
8 2126
7 2127
6 2128
7 2129
8 2130
9 2131
8 2132
4 2133
3 2134
11 2135
6 2136
9 2137
9 2138
4 2139
11 2140
7 2141
4 2142
18 2143
9 2144
10 2145
5 2146
9 2147
5 2148
5 2149
7 2150
9 2151
9 2152
10 2153
8 2154
9 2155
5 2156
9 2157
8 2158
8 2159
11 2160
4 2161
10 2162
11 2163
8 2164
7 2165
12 2166
6 2167
5 2168
13 2169
9 2170
6 2171
10 2172
4 2173
3 2174
7 2175
6 2176
11 2177
5 2178
6 2179
2 2180
9 2181
7 2182
9 2183
10 2184
6 2185
9 2186
6 2187
10 2188
5 2189
9 2190
5 2191
6 2192
13 2193
8 2194
6 2195
5 2196
5 2197
8 2198
12 2199
4 2200
8 2201
5 2202
4 2203
7 2204
7 2205
9 2206
10 2207
10 2208
6 2209
6 2210
9 2211
7 2212
6 2213
6 2214
11 2215
10 2216
11 2217
6 2218
4 2219
7 2220
15 2221
6 2222
6 2223
6 2224
6 2225
4 2226
3 2227
3 2228
6 2229
5 2230
7 2231
11 2232
10 2233
6 2234
3 2235
7 2236
4 2237
7 2238
9 2239
14 2240
12 2241
5 2242
13 2243
12 2244
6 2245
10 2246
7 2247
6 2248
7 2249
10 2250
10 2251
6 2252
3 2253
6 2254
4 2255
11 2256
2 2257
3 2258
5 2259
10 2260
8 2261
7 2262
13 2263
7 2264
4 2265
6 2266
9 2267
8 2268
6 2269
4 2270
8 2271
6 2272
6 2273
8 2274
4 2275
3 2276
9 2277
10 2278
1 2279
5 2280
9 2281
6 2282
9 2283
5 2284
4 2285
8 2286
1 2287
3 2288
8 2289
4 2290
4 2291
5 2292
7 2293
6 2294
5 2295
4 2296
3 2297
8 2299
11 2300
7 2301
4 2302
3 2303
8 2304
7 2305
8 2306
4 2307
4 2308
5 2309
6 2310
5 2311
6 2312
4 2313
9 2314
5 2315
5 2316
4 2317
5 2318
6 2319
9 2320
6 2321
13 2322
5 2323
4 2324
7 2325
9 2326
3 2327
5 2328
11 2329
5 2330
9 2331
4 2332
7 2333
8 2334
11 2335
6 2336
8 2337
8 2338
11 2339
9 2340
6 2341
6 2342
6 2343
9 2344
8 2345
8 2346
9 2347
7 2348
6 2349
7 2350
9 2351
3 2352
4 2353
5 2354
8 2355
4 2356
6 2357
6 2358
6 2359
4 2360
8 2361
4 2362
4 2363
8 2364
3 2365
8 2366
4 2367
10 2368
5 2369
10 2370
8 2371
8 2372
3 2373
8 2374
7 2375
5 2376
9 2377
5 2378
6 2379
6 2380
5 2381
9 2382
6 2383
5 2384
1 2385
10 2386
5 2387
5 2388
6 2389
4 2390
4 2391
4 2392
1 2393
5 2394
4 2395
10 2396
3 2397
6 2398
6 2399
8 2400
4 2401
5 2402
5 2403
5 2404
5 2405
11 2406
7 2407
4 2408
15 2409
13 2410
8 2411
4 2412
9 2413
6 2414
2 2415
4 2416
2 2417
5 2418
4 2419
8 2420
9 2421
2 2422
4 2423
5 2424
5 2425
6 2426
10 2427
4 2428
3 2429
4 2430
4 2431
5 2432
3 2433
8 2434
7 2435
9 2436
5 2437
7 2438
5 2439
4 2440
7 2441
10 2442
7 2443
10 2444
2 2445
6 2446
5 2447
5 2448
8 2449
4 2450
2 2451
5 2452
16 2453
5 2454
5 2455
4 2456
9 2457
6 2458
4 2459
7 2460
10 2461
7 2462
7 2463
9 2464
5 2465
3 2466
6 2467
8 2468
6 2469
3 2470
4 2471
5 2472
3 2473
2 2474
5 2475
7 2476
4 2477
6 2478
6 2479
10 2480
2 2481
5 2482
7 2483
5 2484
8 2485
9 2486
6 2487
5 2488
5 2489
7 2490
5 2491
7 2492
6 2493
4 2494
8 2495
6 2496
8 2497
4 2498
4 2499
2 2500
5 2501
2 2502
10 2503
6 2504
2 2505
5 2506
4 2507
6 2508
2 2509
8 2510
3 2511
2 2512
2 2513
8 2514
4 2515
3 2516
8 2517
3 2518
4 2520
5 2521
8 2522
2 2523
5 2524
2 2525
3 2526
6 2527
4 2528
3 2529
7 2530
1 2531
3 2532
1 2533
5 2534
2 2535
4 2536
2 2537
4 2538
3 2539
6 2540
5 2541
4 2542
4 2543
2 2544
3 2545
1 2546
3 2547
5 2548
6 2549
9 2550
4 2551
7 2552
2 2553
10 2554
7 2555
10 2556
6 2557
5 2558
3 2559
4 2560
6 2561
4 2562
4 2563
8 2564
6 2565
1 2566
3 2567
5 2568
3 2569
6 2570
4 2571
4 2572
7 2573
7 2574
5 2575
2 2576
2 2577
2 2578
5 2579
8 2580
3 2581
2 2582
7 2583
1 2584
4 2585
3 2586
5 2587
3 2588
4 2589
5 2590
6 2591
5 2592
8 2593
6 2594
6 2595
2 2596
3 2597
3 2598
3 2599
10 2600
3 2601
5 2602
5 2603
5 2604
6 2605
9 2606
5 2607
4 2608
4 2609
1 2610
4 2611
3 2612
9 2613
4 2614
5 2615
3 2616
5 2617
6 2618
4 2619
6 2620
3 2621
5 2622
4 2623
6 2624
4 2625
6 2626
4 2627
3 2628
7 2629
3 2630
3 2631
6 2632
5 2633
6 2634
4 2635
4 2636
1 2637
4 2638
4 2639
5 2640
1 2641
4 2643
5 2644
4 2645
3 2646
3 2647
4 2648
4 2649
2 2650
3 2651
1 2652
4 2653
1 2654
3 2655
7 2656
5 2657
6 2658
3 2659
2 2660
2 2661
5 2662
3 2663
4 2664
5 2665
5 2666
3 2667
4 2668
3 2669
5 2670
8 2671
8 2672
5 2673
4 2674
7 2675
4 2676
6 2677
6 2678
2 2679
3 2680
5 2681
2 2682
2 2683
4 2684
3 2685
3 2686
4 2687
2 2688
3 2689
4 2690
7 2691
6 2692
1 2693
4 2695
2 2696
2 2697
2 2698
6 2699
2 2700
2 2701
3 2702
6 2704
3 2705
1 2706
8 2707
2 2708
2 2709
3 2710
2 2711
2 2712
4 2713
2 2714
1 2715
1 2716
3 2717
3 2718
4 2719
7 2720
5 2721
6 2722
8 2723
4 2724
2 2725
5 2726
3 2727
5 2728
5 2729
2 2730
5 2731
7 2732
8 2733
4 2734
2 2735
7 2736
5 2737
4 2738
5 2739
5 2740
3 2742
5 2743
4 2744
5 2745
3 2746
6 2747
3 2748
1 2749
6 2750
6 2751
3 2752
3 2753
3 2754
2 2755
1 2756
2 2757
6 2758
4 2759
3 2760
5 2761
3 2762
5 2763
3 2764
2 2765
3 2766
3 2767
3 2768
7 2769
4 2770
3 2771
1 2772
4 2773
5 2774
3 2775
7 2776
3 2777
5 2778
6 2780
6 2781
6 2782
6 2783
5 2784
3 2785
7 2786
2 2787
2 2788
3 2789
5 2790
7 2791
2 2793
4 2794
4 2795
1 2796
4 2797
2 2798
1 2799
3 2800
4 2801
3 2802
2 2803
3 2804
4 2805
5 2806
4 2807
4 2808
2 2809
3 2810
4 2811
2 2812
9 2813
1 2815
3 2816
5 2817
2 2818
4 2819
4 2820
4 2821
7 2822
1 2823
3 2824
6 2825
1 2826
1 2827
2 2828
4 2829
4 2830
2 2832
3 2833
1 2834
3 2835
6 2836
2 2837
4 2838
1 2839
4 2840
6 2841
4 2842
6 2843
3 2844
5 2845
2 2846
1 2847
3 2848
5 2849
1 2850
3 2851
5 2853
2 2854
2 2855
1 2856
2 2857
3 2858
7 2859
3 2860
4 2861
2 2862
2 2863
4 2864
3 2865
2 2866
2 2867
2 2868
3 2869
3 2871
2 2872
2 2873
2 2874
6 2875
3 2876
1 2877
3 2879
4 2880
1 2881
2 2882
3 2883
4 2884
1 2885
1 2886
3 2887
2 2888
2 2889
2 2890
5 2891
1 2892
1 2893
4 2894
5 2895
3 2896
4 2897
3 2898
5 2899
2 2900
2 2901
5 2902
4 2903
5 2904
4 2906
1 2907
8 2908
1 2909
4 2910
3 2911
5 2912
2 2913
8 2914
1 2915
1 2916
2 2917
5 2918
2 2919
1 2920
3 2921
4 2922
1 2923
2 2924
1 2925
2 2927
2 2928
2 2929
3 2930
2 2931
5 2932
3 2933
5 2934
1 2935
3 2936
3 2937
6 2938
1 2939
5 2940
2 2941
4 2943
3 2944
5 2945
2 2946
6 2947
6 2950
4 2951
1 2952
2 2953
5 2954
5 2955
1 2956
3 2957
5 2960
2 2961
2 2962
1 2963
2 2964
3 2965
6 2966
2 2967
4 2969
3 2970
7 2971
4 2972
2 2974
1 2976
3 2977
2 2978
4 2979
2 2980
1 2981
3 2982
3 2983
2 2985
4 2986
5 2987
3 2988
5 2989
5 2991
3 2992
4 2993
4 2995
3 2996
5 2997
3 2998
3 3000
3 3001
2 3003
3 3004
5 3005
2 3006
4 3007
1 3008
3 3010
3 3011
1 3012
2 3013
5 3014
2 3015
1 3016
4 3018
1 3019
1 3020
5 3021
4 3022
2 3024
2 3025
2 3026
5 3027
2 3028
4 3029
1 3030
1 3031
3 3032
3 3033
3 3034
1 3035
2 3036
3 3037
2 3038
1 3039
2 3040
3 3041
1 3042
3 3043
3 3045
2 3046
4 3047
1 3048
3 3049
3 3050
2 3051
3 3052
3 3054
1 3055
7 3056
4 3057
3 3058
4 3059
5 3060
5 3061
3 3062
1 3064
1 3065
3 3066
4 3067
5 3068
1 3069
3 3071
4 3072
3 3073
1 3074
1 3075
1 3076
5 3077
3 3078
3 3079
1 3080
2 3081
6 3082
1 3083
1 3084
2 3085
1 3086
3 3087
4 3088
2 3089
1 3090
3 3091
1 3092
5 3093
7 3094
3 3096
2 3097
5 3098
2 3099
2 3100
4 3101
2 3102
1 3103
1 3105
4 3106
1 3107
3 3108
4 3109
2 3110
4 3111
2 3112
2 3113
5 3114
4 3115
5 3116
3 3117
2 3118
4 3119
4 3120
4 3121
5 3122
1 3123
2 3124
3 3125
1 3126
2 3127
4 3128
5 3129
1 3130
1 3131
2 3132
3 3133
3 3134
3 3135
5 3136
4 3137
3 3138
3 3140
8 3141
2 3142
2 3143
3 3144
2 3145
3 3146
1 3147
3 3148
7 3149
3 3150
2 3151
3 3152
3 3153
2 3154
4 3155
4 3156
3 3157
2 3158
3 3160
2 3161
5 3162
1 3163
2 3164
2 3165
2 3166
3 3167
4 3168
5 3169
2 3170
1 3171
5 3173
3 3174
4 3175
2 3176
2 3177
3 3178
4 3179
2 3180
4 3181
3 3182
2 3183
3 3184
1 3185
3 3186
1 3188
4 3189
8 3190
2 3191
5 3193
3 3195
1 3196
3 3197
3 3198
4 3199
1 3200
1 3201
4 3202
1 3203
1 3204
2 3205
3 3206
5 3207
3 3208
4 3209
5 3210
5 3211
5 3212
1 3213
4 3214
3 3215
3 3216
1 3217
2 3218
2 3219
8 3220
1 3221
3 3222
2 3223
5 3224
3 3225
2 3226
3 3227
5 3228
7 3229
7 3230
4 3231
2 3232
2 3233
3 3234
8 3235
2 3236
5 3238
4 3239
4 3240
3 3241
4 3242
4 3243
5 3244
5 3246
1 3247
3 3248
4 3249
5 3250
1 3251
3 3252
3 3253
2 3254
7 3255
2 3256
2 3258
5 3259
5 3260
2 3261
4 3262
3 3263
2 3264
4 3266
4 3267
4 3268
1 3269
3 3270
2 3271
3 3272
2 3273
3 3274
2 3275
4 3276
4 3277
2 3278
3 3279
3 3280
3 3281
3 3282
5 3283
2 3284
3 3285
2 3286
5 3287
4 3288
1 3289
4 3291
3 3292
2 3293
4 3294
1 3295
3 3296
2 3298
2 3299
5 3300
2 3301
1 3303
2 3304
1 3305
3 3306
3 3307
2 3308
4 3310
4 3311
2 3312
4 3313
3 3314
2 3315
3 3316
3 3317
2 3318
2 3319
3 3320
2 3322
2 3323
4 3324
1 3325
6 3326
4 3327
2 3329
2 3330
1 3331
2 3332
5 3333
2 3334
3 3335
1 3336
3 3337
2 3338
2 3339
2 3340
4 3341
3 3342
2 3343
6 3344
1 3345
2 3346
2 3348
1 3350
4 3351
1 3352
2 3353
2 3354
5 3355
1 3356
3 3357
1 3358
4 3359
3 3360
4 3362
1 3363
1 3364
2 3365
2 3368
3 3369
1 3370
2 3371
2 3373
3 3374
2 3376
3 3377
1 3378
2 3379
1 3380
5 3382
2 3383
3 3385
2 3386
1 3387
1 3388
3 3389
4 3390
2 3392
3 3393
3 3394
1 3395
5 3396
3 3397
2 3398
4 3399
2 3400
2 3401
2 3403
1 3404
2 3405
2 3406
3 3407
1 3408
2 3409
2 3410
2 3411
4 3414
5 3415
2 3416
2 3418
1 3419
2 3421
3 3422
3 3423
4 3424
1 3425
4 3426
2 3427
3 3428
2 3430
1 3431
3 3432
1 3433
7 3434
1 3435
1 3436
3 3437
1 3439
2 3440
3 3441
2 3442
1 3443
2 3444
2 3445
3 3446
3 3447
2 3448
2 3450
2 3451
2 3452
2 3453
3 3454
2 3455
2 3456
2 3457
2 3459
1 3460
3 3461
3 3462
2 3463
3 3464
2 3465
5 3467
2 3468
3 3469
3 3470
1 3472
4 3474
1 3475
2 3476
1 3478
1 3479
3 3480
1 3481
1 3482
3 3483
3 3484
2 3485
1 3487
2 3488
1 3491
1 3492
2 3493
1 3494
1 3495
1 3497
2 3498
3 3499
2 3500
4 3501
2 3502
1 3504
3 3505
1 3508
1 3510
3 3511
3 3512
1 3514
4 3515
1 3516
1 3517
2 3518
2 3519
3 3521
3 3522
3 3524
2 3525
3 3527
2 3528
2 3529
3 3530
4 3531
6 3535
2 3536
4 3537
2 3538
2 3539
1 3540
1 3541
2 3542
1 3543
1 3545
2 3546
1 3547
3 3548
4 3549
4 3551
2 3552
2 3553
1 3554
2 3556
2 3558
1 3559
1 3561
2 3562
2 3563
3 3564
2 3566
2 3567
2 3569
1 3570
1 3571
1 3572
2 3573
2 3574
3 3575
3 3576
2 3577
2 3578
1 3579
4 3580
3 3581
3 3582
3 3583
2 3584
2 3585
1 3586
1 3587
1 3588
3 3589
2 3590
1 3591
4 3592
4 3593
3 3594
3 3595
2 3596
1 3597
1 3598
3 3599
1 3601
1 3603
5 3604
1 3605
2 3606
2 3607
1 3608
3 3609
2 3610
1 3611
2 3612
4 3613
1 3614
1 3615
3 3616
3 3617
2 3619
2 3620
2 3621
5 3622
2 3623
1 3624
2 3625
1 3626
2 3627
3 3628
3 3629
5 3630
1 3631
2 3632
2 3633
2 3635
1 3636
1 3637
1 3639
3 3640
2 3641
1 3643
2 3644
3 3645
3 3646
4 3647
1 3648
2 3649
2 3650
2 3651
2 3652
3 3653
2 3654
2 3655
1 3656
2 3657
1 3658
4 3660
1 3661
3 3662
6 3663
4 3665
3 3666
1 3667
2 3668
2 3669
2 3670
1 3672
2 3673
2 3674
2 3675
3 3676
2 3677
1 3679
4 3681
4 3682
2 3683
1 3684
4 3685
1 3687
5 3689
6 3690
1 3691
1 3692
2 3693
2 3695
5 3696
1 3697
3 3698
4 3699
3 3700
2 3701
7 3702
7 3703
6 3704
2 3705
2 3706
3 3707
5 3708
4 3709
5 3710
1 3711
3 3712
2 3713
3 3714
2 3715
4 3716
1 3717
2 3718
3 3719
4 3720
4 3721
5 3722
2 3723
3 3724
2 3725
1 3726
2 3727
2 3728
2 3729
1 3730
3 3731
3 3732
1 3733
1 3734
1 3735
3 3736
3 3737
1 3738
2 3739
2 3740
1 3741
2 3742
6 3743
2 3745
3 3746
2 3747
3 3748
4 3749
2 3750
4 3751
2 3752
4 3753
1 3754
3 3755
3 3758
3 3759
1 3760
1 3763
2 3765
2 3767
4 3768
1 3769
4 3771
1 3772
1 3773
4 3774
3 3775
2 3776
4 3777
2 3778
3 3779
6 3780
1 3781
2 3782
1 3783
2 3784
2 3786
2 3787
3 3788
1 3789
1 3790
1 3791
1 3792
4 3793
3 3794
5 3795
2 3796
4 3798
3 3799
3 3801
2 3803
4 3804
2 3805
1 3807
1 3808
3 3809
1 3811
1 3812
3 3813
3 3814
3 3815
2 3816
2 3817
4 3819
1 3820
4 3821
3 3822
1 3823
1 3824
3 3825
3 3826
1 3827
2 3828
2 3830
1 3831
2 3833
1 3834
1 3836
2 3837
1 3838
2 3839
2 3840
1 3841
1 3842
1 3843
2 3844
1 3845
3 3846
1 3849
1 3850
1 3851
1 3854
2 3855
2 3856
1 3857
4 3858
2 3859
1 3860
1 3861
1 3862
1 3863
1 3864
3 3865
2 3866
2 3867
2 3868
3 3869
1 3870
3 3872
1 3873
1 3874
2 3875
1 3876
4 3879
2 3881
1 3882
1 3883
2 3884
2 3885
1 3886
1 3887
1 3888
1 3889
1 3890
2 3891
2 3892
1 3893
5 3894
2 3895
3 3896
1 3897
1 3898
3 3899
2 3900
1 3901
1 3902
2 3903
1 3904
1 3905
2 3906
3 3907
3 3909
1 3910
1 3911
1 3912
2 3913
2 3915
3 3916
1 3917
2 3918
2 3919
2 3920
2 3922
3 3923
2 3925
2 3926
1 3927
1 3928
1 3930
1 3935
2 3936
3 3937
1 3938
1 3939
2 3941
2 3942
1 3943
3 3944
1 3945
1 3946
3 3948
1 3949
1 3950
1 3951
1 3955
1 3956
1 3957
2 3958
4 3959
1 3960
1 3961
1 3962
1 3964
1 3965
1 3966
2 3967
2 3968
3 3969
4 3970
1 3971
2 3972
1 3975
1 3977
1 3978
1 3980
3 3981
1 3982
1 3983
1 3984
3 3986
1 3987
1 3989
3 3990
2 3991
3 3992
2 3993
1 3994
1 3995
3 3998
1 4000
1 4004
1 4005
1 4007
4 4008
1 4009
1 4012
1 4013
1 4014
2 4015
1 4017
3 4018
2 4019
1 4020
2 4021
1 4024
1 4026
1 4027
2 4028
1 4031
3 4033
5 4034
2 4035
3 4036
1 4037
2 4039
3 4040
1 4041
1 4042
3 4043
2 4044
1 4045
3 4046
3 4047
5 4048
3 4050
1 4052
1 4053
2 4054
1 4055
1 4058
1 4059
3 4060
3 4063
1 4064
2 4065
2 4066
2 4067
2 4068
3 4069
1 4070
2 4071
2 4072
1 4073
2 4074
2 4075
1 4078
1 4079
2 4080
1 4081
3 4084
1 4085
3 4087
4 4088
2 4089
2 4090
1 4091
4 4092
2 4093
2 4094
1 4095
1 4097
1 4098
1 4099
1 4100
2 4101
1 4102
1 4103
1 4106
2 4107
1 4108
1 4109
2 4110
2 4111
3 4112
4 4113
1 4114
4 4116
1 4117
4 4118
3 4120
1 4121
1 4122
2 4123
4 4124
1 4127
1 4128
1 4129
2 4130
2 4132
2 4134
2 4136
2 4137
2 4138
2 4139
2 4140
2 4141
5 4142
2 4145
4 4147
2 4148
2 4150
1 4151
1 4152
2 4153
1 4154
3 4155
2 4156
1 4157
1 4158
2 4160
1 4161
3 4162
1 4165
3 4166
2 4167
2 4168
1 4170
1 4171
2 4172
1 4173
3 4175
1 4176
5 4177
2 4178
4 4179
2 4180
2 4181
3 4182
1 4184
2 4186
4 4189
2 4190
1 4191
2 4192
2 4194
1 4196
1 4198
3 4199
1 4201
1 4202
1 4203
2 4204
3 4205
1 4206
1 4207
2 4208
1 4211
2 4212
2 4213
1 4214
1 4218
1 4219
1 4220
1 4221
1 4223
1 4226
1 4228
2 4231
3 4232
3 4233
2 4237
1 4238
1 4239
1 4240
2 4242
1 4243
1 4244
2 4245
3 4247
1 4248
1 4249
1 4251
2 4253
2 4254
1 4256
1 4257
1 4259
1 4260
1 4261
1 4262
2 4263
2 4264
1 4265
2 4266
1 4267
1 4269
1 4270
2 4271
1 4273
2 4275
1 4277
1 4278
2 4279
2 4280
1 4281
2 4282
1 4283
2 4284
1 4285
1 4286
1 4287
3 4289
2 4291
1 4292
1 4295
2 4297
2 4298
1 4300
3 4301
1 4303
1 4304
2 4305
2 4306
2 4310
1 4312
1 4313
2 4315
1 4317
5 4318
1 4320
2 4321
1 4322
2 4323
1 4324
2 4325
1 4326
2 4327
1 4328
1 4329
1 4330
1 4331
2 4332
1 4334
1 4335
1 4337
3 4338
3 4339
1 4340
2 4343
3 4344
1 4345
2 4346
1 4347
1 4348
2 4349
3 4351
1 4352
2 4354
1 4355
3 4356
2 4357
2 4358
1 4359
1 4360
1 4361
1 4362
4 4363
3 4364
1 4365
1 4366
4 4368
2 4369
2 4370
1 4371
2 4372
1 4373
1 4374
4 4376
3 4379
1 4380
1 4383
4 4385
3 4386
1 4387
2 4388
1 4390
1 4392
1 4393
2 4396
2 4397
1 4398
1 4400
2 4401
1 4403
3 4406
3 4407
1 4408
2 4412
3 4413
1 4414
1 4415
3 4417
4 4420
1 4421
1 4422
2 4423
3 4424
1 4425
1 4431
3 4432
2 4433
3 4434
1 4435
1 4438
1 4439
1 4440
3 4441
2 4442
1 4443
2 4444
2 4445
1 4446
1 4447
1 4448
3 4449
1 4452
1 4453
2 4454
2 4455
3 4456
1 4457
3 4458
2 4459
1 4460
1 4461
2 4462
2 4463
1 4465
5 4466
2 4467
3 4468
1 4469
2 4470
1 4472
5 4473
2 4474
2 4475
3 4476
3 4477
1 4479
3 4480
2 4481
1 4482
4 4483
2 4484
2 4485
1 4486
2 4487
1 4488
1 4489
3 4490
2 4491
1 4492
1 4493
1 4495
2 4496
1 4497
1 4502
1 4503
2 4504
1 4505
1 4506
3 4507
2 4508
2 4509
1 4510
2 4512
2 4513
2 4514
2 4516
1 4517
2 4518
1 4519
3 4520
1 4521
1 4522
3 4523
1 4524
2 4525
3 4526
2 4527
1 4529
3 4531
3 4532
1 4533
2 4534
3 4535
2 4536
1 4537
4 4538
3 4539
2 4540
3 4541
3 4542
3 4543
2 4544
2 4545
2 4546
1 4547
2 4550
2 4552
2 4553
1 4554
3 4555
2 4556
1 4557
3 4561
2 4562
1 4563
2 4564
1 4565
1 4566
5 4567
1 4568
1 4569
1 4571
2 4572
3 4574
1 4575
1 4576
1 4577
1 4578
1 4579
4 4580
1 4581
1 4582
2 4583
4 4584
1 4585
4 4586
2 4587
2 4589
4 4590
2 4591
3 4592
1 4593
1 4594
1 4595
3 4596
3 4598
1 4599
2 4600
1 4601
2 4602
5 4603
1 4604
3 4605
7 4606
5 4607
1 4608
3 4609
5 4610
4 4611
4 4612
4 4614
1 4615
1 4616
1 4617
3 4618
1 4619
1 4620
2 4621
3 4622
3 4623
2 4624
3 4625
3 4627
3 4628
3 4629
3 4631
2 4633
1 4634
1 4635
4 4636
3 4638
1 4639
1 4640
2 4641
1 4643
2 4645
1 4646
2 4647
3 4648
1 4649
5 4651
2 4652
1 4653
4 4654
2 4655
2 4656
2 4657
3 4658
3 4662
3 4663
1 4664
1 4668
3 4669
2 4670
3 4671
2 4673
1 4674
3 4675
1 4678
2 4679
1 4681
1 4682
1 4684
4 4685
1 4686
1 4687
1 4688
3 4689
1 4691
1 4692
2 4693
1 4694
3 4695
1 4696
2 4697
1 4698
2 4699
1 4700
2 4701
1 4703
2 4704
3 4705
2 4707
1 4709
2 4710
2 4711
1 4712
1 4713
1 4714
1 4715
1 4716
1 4717
2 4718
1 4719
1 4721
1 4723
2 4724
2 4725
1 4726
3 4727
1 4728
2 4729
1 4730
4 4731
1 4732
1 4736
1 4737
1 4738
4 4739
2 4740
1 4741
1 4745
1 4746
1 4748
1 4749
1 4751
1 4752
1 4753
2 4754
2 4755
1 4756
1 4757
1 4759
2 4761
1 4762
1 4763
1 4766
1 4767
3 4768
1 4769
1 4772
1 4773
2 4774
2 4775
2 4777
1 4778
1 4779
1 4780
2 4782
2 4783
1 4784
2 4785
1 4786
1 4787
2 4788
2 4791
3 4792
1 4793
2 4794
1 4795
3 4796
1 4798
2 4800
2 4801
1 4804
1 4805
2 4806
1 4807
2 4810
1 4811
2 4812
1 4815
2 4817
1 4818
2 4819
1 4822
1 4823
1 4826
2 4828
1 4830
2 4831
2 4832
1 4835
1 4837
3 4838
2 4839
2 4841
1 4842
2 4844
2 4845
2 4846
1 4848
1 4849
1 4850
2 4851
2 4856
1 4859
1 4860
3 4861
2 4862
1 4863
3 4864
1 4865
2 4867
3 4868
3 4871
1 4872
2 4876
1 4877
3 4878
1 4879
1 4880
1 4881
3 4882
3 4883
2 4884
2 4887
4 4889
1 4891
1 4892
2 4893
1 4894
2 4895
1 4896
2 4897
1 4898
1 4900
1 4902
1 4904
1 4905
1 4908
2 4909
4 4910
3 4911
3 4912
4 4913
3 4914
4 4915
4 4916
4 4917
2 4918
4 4919
3 4920
2 4921
3 4923
4 4924
1 4925
2 4926
1 4927
1 4930
1 4932
1 4934
1 4937
3 4938
2 4939
1 4941
1 4942
2 4943
2 4944
1 4945
1 4946
1 4949
1 4953
1 4954
3 4955
2 4958
3 4959
1 4960
1 4961
2 4962
1 4964
2 4965
1 4968
2 4969
2 4971
2 4972
1 4973
1 4975
3 4976
1 4981
2 4984
1 4986
1 4987
1 4989
1 4990
2 4992
1 4993
2 4995
1 4996
1 4998
3 5001
1 5003
1 5004
1 5006
1 5008
1 5009
2 5010
1 5011
2 5012
1 5014
1 5022
1 5025
1 5028
1 5032
1 5034
3 5036
2 5037
1 5041
2 5042
1 5043
1 5044
1 5048
1 5049
1 5051
1 5056
2 5058
1 5060
1 5062
3 5064
2 5065
1 5067
7 5068
1 5069
1 5070
4 5071
2 5072
4 5073
4 5074
3 5075
2 5076
2 5077
3 5078
1 5079
1 5080
2 5081
2 5082
1 5084
1 5085
1 5086
1 5091
1 5094
2 5097
1 5098
1 5099
1 5100
2 5101
1 5102
1 5103
2 5104
2 5106
1 5107
1 5109
1 5110
1 5112
1 5119
2 5120
2 5125
1 5128
1 5130
1 5131
1 5133
1 5134
1 5135
1 5137
2 5138
1 5141
2 5142
1 5143
1 5146
1 5150
1 5151
2 5154
1 5157
1 5162
1 5163
1 5169
1 5171
2 5173
1 5180
1 5181
3 5182
1 5189
2 5193
2 5196
1 5198
1 5200
1 5204
1 5206
2 5207
1 5216
1 5218
1 5219
1 5221
1 5222
1 5224
1 5226
2 5227
1 5228
1 5232
1 5234
2 5235
1 5236
1 5239
1 5241
2 5242
2 5246
1 5250
1 5254
1 5255
1 5263
3 5268
1 5271
1 5276
1 5280
2 5284
2 5288
1 5290
1 5291
2 5292
1 5293
1 5295
1 5296
1 5297
3 5298
1 5300
1 5302
1 5307
2 5310
1 5325
1 5327
1 5328
1 5329
1 5331
1 5334
1 5335
1 5338
1 5340
1 5344
1 5346
2 5348
1 5354
1 5355
1 5357
1 5358
1 5360
1 5363
1 5364
1 5366
2 5367
3 5368
1 5372
2 5379
1 5389
1 5392
1 5393
1 5395
1 5396
1 5397
1 5401
1 5404
1 5408
2 5415
1 5416
1 5417
1 5418
1 5420
3 5428
1 5430
1 5436
1 5441
1 5443
1 5446
1 5449
1 5452
1 5454
1 5461
1 5466
1 5473
1 5474
1 5475
1 5478
1 5479
1 5485
1 5489
1 5494
1 5498
1 5499
2 5505
1 5507
1 5508
1 5512
1 5514
2 5516
1 5517
1 5518
2 5521
1 5523
1 5527
1 5532
1 5533
1 5534
2 5536
1 5544
1 5546
1 5549
3 5550
1 5554
1 5555
1 5556
1 5558
1 5559
1 5569
1 5571
1 5574
1 5583
1 5585
1 5588
2 5591
1 5595
1 5610
1 5611
1 5613
1 5615
1 5618
1 5620
2 5622
1 5624
1 5625
1 5630
1 5632
1 5633
1 5634
1 5636
1 5638
1 5641
1 5644
1 5649
1 5650
1 5657
1 5663
1 5668
1 5670
1 5676
1 5678
1 5681
1 5685
2 5688
1 5689
2 5693
1 5695
2 5700
1 5703
1 5705
1 5708
1 5712
1 5716
1 5718
1 5719
3 5724
1 5731
1 5735
1 5736
1 5738
1 5739
1 5740
1 5750
1 5752
1 5754
1 5761
1 5762
3 5769
1 5772
1 5773
1 5776
1 5782
1 5788
1 5790
2 5792
1 5793
1 5796
1 5799
2 5802
1 5807
2 5808
1 5816
1 5817
1 5818
1 5819
1 5820
1 5826
2 5831
1 5833
2 5837
1 5838
1 5845
1 5863
1 5864
1 5866
2 5867
1 5871
1 5874
1 5876
1 5878
1 5880
1 5882
1 5886
1 5887
1 5893
1 5895
1 5896
1 5900
1 5903
1 5905
1 5911
2 5913
1 5918
1 5919
3 5920
1 5927
1 5934
1 5935
1 5941
1 5942
1 5945
2 5951
1 5952
2 5959
1 5966
1 5968
1 5991
1 5997
1 6000
1 6001
1 6006
1 6008
1 6012
1 6013
1 6021
1 6023
1 6024
2 6027
2 6028
2 6030
1 6031
1 6039
1 6040
2 6041
1 6045
1 6048
1 6050
1 6052
1 6054
1 6055
1 6056
1 6058
1 6063
1 6076
1 6080
1 6088
3 6090
1 6093
1 6095
1 6104
1 6105
1 6106
1 6118
1 6141
1 6143
1 6145
1 6150
1 6152
1 6153
1 6155
1 6156
1 6162
2 6174
1 6175
1 6177
1 6179
1 6185
1 6189
1 6192
3 6194
1 6222
2 6224
1 6233
1 6245
1 6246
1 6247
1 6250
1 6251
1 6253
1 6260
1 6263
2 6266
1 6267
1 6271
1 6278
1 6284
1 6290
1 6296
1 6302
1 6308
1 6310
1 6312
1 6324
2 6327
1 6328
1 6339
2 6347
1 6363
1 6365
1 6376
1 6382
1 6384
1 6399
1 6405
1 6422
1 6424
1 6441
1 6451
1 6469
1 6473
1 6483
1 6484
1 6491
1 6506
1 6514
1 6549
1 6556
1 6558
1 6567
1 6568
1 6572
1 6588
1 6591
1 6594
1 6608
1 6625
1 6628
1 6640
1 6653
1 6664
1 6670
1 6689
1 6713
1 6717
2 6719
1 6725
1 6726
1 6729
1 6732
1 6740
1 6755
1 6759
1 6762
1 6764
1 6779
1 6783
1 6795
1 6797
1 6803
1 6806
1 6814
1 6821
1 6831
1 6838
1 6848
1 6850
1 6859
1 6866
1 6873
2 6888
1 6893
1 6902
1 6913
1 6921
1 6922
1 6931
1 6941
1 6947
1 6949
1 6953
1 6970
1 6971
1 6988
1 6994
1 6995
1 6996
1 7005
1 7017
1 7031
1 7041
1 7075
1 7081
1 7115
1 7139
1 7149
1 7168
1 7173
1 7174
1 7177
1 7184
1 7191
1 7219
1 7223
1 7228
1 7230
1 7231
1 7237
1 7238
1 7292
1 7296
1 7300
1 7323
1 7341
1 7385
1 7429
1 7438
1 7466
1 7468
1 7471
1 7497
2 7499
1 7500
1 7511
1 7513
1 7515
1 7525
1 7530
2 7539
1 7553
1 7575
1 7595
2 7601
1 7606
1 7611
1 7645
1 7662
1 7692
1 7700
1 7719
1 7723
1 7740
1 7742
1 7769
1 7775
1 7780
1 7817
1 7831
1 7857
1 7858
1 7903
1 7906
1 7915
1 7918
1 7939
1 7965
1 7967
1 7978
1 7982
1 7985
1 7999
1 8014
1 8020
1 8023
1 8031
1 8033
1 8034
1 8056
1 8085
1 8100
1 8121
1 8125
1 8126
1 8144
1 8188
1 8190
1 8198
1 8205
1 8207
1 8212
1 8226
1 8231
1 8232
1 8236
1 8267
1 8292
1 8315
1 8316
1 8332
1 8333
1 8345
1 8347
1 8364
1 8367
2 8397
1 8403
1 8406
1 8421
1 8428
1 8434
1 8455
1 8459
1 8476
1 8479
1 8487
1 8526
1 8545
1 8546
1 8550
1 8559
1 8564
1 8569
2 8574
1 8577
2 8582
1 8588
1 8603
1 8607
1 8608
1 8610
1 8619
1 8640
1 8647
1 8649
1 8652
1 8664
1 8678
1 8683
1 8688
1 8698
1 8706
2 8710
1 8734
1 8738
1 8750
1 8755
1 8773
1 8778
1 8809
1 8811
1 8816
1 8836
1 8849
1 8866
1 8872
1 8897
1 8926
1 8927
1 8929
1 8938
1 8957
1 8965
1 8975
1 8979
1 9069
1 9074
1 9077
1 9092
1 9104
1 9122
1 9171
1 9188
1 9224
1 9251
1 9256
1 9259
1 9268
1 9271
1 9277
1 9281
1 9347
1 9348
1 9353
1 9359
2 9367
1 9370
1 9371
1 9420
1 9434
1 9461
1 9489
1 9533
1 9619
1 9658
1 9702
1 9710
1 9718
1 9725
2 9749
1 9753
1 9762
1 9767
1 9859
1 9878
1 9886
1 9903
1 9914
1 9961
1 9989
1 9992
1 10011
1 10027
1 10048
1 10100
1 10122
1 10131
1 10152
1 10160
1 10188
1 10196
1 10199
1 10202
1 10224
1 10225
1 10233
1 10255
1 10277
1 10307
1 10340
1 10371
1 10380
1 10402
1 10411
1 10435
1 10438
1 10515
1 10540
1 10625
1 10655
1 10673
1 10693
1 10701
1 10708
1 10709
1 10738
1 10777
1 10794
1 10814
1 10854
1 10911
1 10938
1 10941
1 10973
1 10996
2 11016
1 11020
1 11033
1 11054
1 11069
1 11074
1 11107
1 11131
1 11134
1 11144
1 11150
1 11193
1 11263
1 11334
1 11343
1 11344
1 11451
1 11513
1 11532
1 11587
1 11687
1 11690
1 11698
1 11711
1 11740
1 11743
1 11744
1 11746
1 11750
1 11751
1 11782
1 11788
1 11819
1 11849
1 11867
1 11887
1 11912
1 11917
1 11923
1 11976
1 12010
1 12057
1 12061
1 12086
1 12095
1 12171
1 12277
1 12297
1 12303
1 12308
1 12316
1 12336
1 12338
1 12348
1 12357
1 12459
1 12472
1 12518
1 12546
1 12559
1 12591
1 12649
1 12686
1 12707
1 12759
1 12762
1 12768
1 12908
1 12926
1 12966
1 13022
1 13149
1 13195
1 13247
1 13498
1 13577
1 13595
1 13661
1 13678
1 13833
1 13839
1 13841
1 13847
1 13864
1 13969
1 13981
1 13995
1 14042
1 14073
1 14082
1 14218
1 14262
1 14263
1 14302
1 14395
1 14458
1 14484
1 14490
1 14493
1 14501
1 14510
1 14513
1 14565
1 14581
1 14606
1 14623
1 14688
1 14759
1 14955
1 15018
1 15086
1 15128
1 15230
1 15344
1 15350
1 15418
1 15429
1 15470
1 15549
1 15553
1 15566
1 15600
1 15627
1 15631
1 15648
1 15682
1 15688
1 15777
1 15812
2 15898
1 15962
1 16035
1 16166
1 16214
1 16235
1 16240
1 16282
1 16408
1 16457
1 16559
1 16584
1 16731
1 16772
1 16797
1 16868
1 16968
1 17045
1 17049
1 17106
1 17110
1 17115
1 17118
1 17134
1 17240
1 17524
1 17619
1 17671
1 17718
1 17763
1 17941
1 17974
1 18209
1 18435
1 18771
1 18901
1 19234
1 19240
1 19354
1 19503
1 19535
1 19591
1 19786
1 19821
1 20005
1 20090
1 20576
1 20583
1 21119
1 21564
1 21577
1 22139
1 22140
1 22386
1 22401
1 22453
1 22598
1 22764
1 22800
1 22807
1 22825
1 23103
1 23189
1 23785
1 23801
1 26085
1 26614
1 28692
1 29206
1 29228
1 30722
1 30973
1 32065
1 32092
1 32368
1 32373
1 32455
1 32556
1 32561
1 32723
1 32752
1 33050
1 33257
1 33800
1 34650
1 34684
1 34746
1 34975
1 34981
1 35220
1 36302
1 39847
1 41767
1 42963
1 43175
1 43518
1 44193
1 44921
1 44942
1 45037
1 45756
1 50071
1 51190
1 51305
1 51333
1 52628
1 52704
1 52902
1 53236
1 53490
1 55300
1 55865
1 56541
1 56664
1 56672
1 56802
1 67367
1 72101
1 78231
1 78620
1 81415
1 85568
1 85709
1 85727
1 88102
1 88246
1 88262
1 88893
1 89017
1 89037
1 96158
1 96335
1 96354
1 97176
1 112460
1 116333
1 125295
1 129340
1 135325
1 135606
1 138623
1 142749
